       0.10000D+01       0.30907D-04       0.41197D-01       0.48752D+00       0.60524D-02
       0.20000D+01       0.97088D-03       0.47231D-01       0.47948D+00       0.29574D-01
       0.30000D+01       0.69810D-03      -0.16839D-01       0.47789D+00       0.21806D+00
       0.40000D+01       0.64845D-03      -0.22555D-01       0.48048D+00       0.23964D+00
       0.50000D+01       0.83145D-03       0.67493D-01       0.48090D+00       0.19192D+00
       0.60000D+01       0.11003D-02       0.64308D-01       0.47925D+00       0.16375D+00
       0.70000D+01       0.11971D-02      -0.26801D-01       0.47957D+00       0.14182D+00
       0.80000D+01       0.11485D-02      -0.19008D-01       0.48067D+00       0.22754D+00
       0.90000D+01       0.10277D-02       0.51977D-01       0.48012D+00       0.20645D+00
       0.10000D+02       0.11932D-02       0.52306D-01       0.47922D+00       0.19392D+00
       0.11000D+02       0.12016D-02      -0.67095D-02       0.47995D+00       0.17915D+00
       0.12000D+02       0.12014D-02       0.13247D-01       0.48061D+00       0.16472D+00
       0.13000D+02       0.11850D-02       0.26870D-01       0.47992D+00       0.15773D+00
       0.14000D+02       0.10961D-02      -0.28731D-01       0.47948D+00       0.18986D+00
       0.15000D+02       0.10731D-02      -0.29657D-01       0.48006D+00       0.17768D+00
       0.16000D+02       0.10757D-02       0.57076D-01       0.48028D+00       0.16655D+00
       0.17000D+02       0.11865D-02       0.48670D-01       0.47973D+00       0.15799D+00
       0.18000D+02       0.11995D-02      -0.41073D-01       0.47977D+00       0.14988D+00
       0.19000D+02       0.11862D-02      -0.34409D-01       0.48023D+00       0.18550D+00
       0.20000D+02       0.11365D-02       0.42150D-01       0.48006D+00       0.19648D+00
       0.21000D+02       0.12479D-02       0.47686D-01       0.47963D+00       0.19085D+00
       0.22000D+02       0.12353D-02      -0.22378D-01       0.47994D+00       0.19632D+00
       0.23000D+02       0.12261D-02      -0.19796D-01       0.48029D+00       0.18804D+00
       0.24000D+02       0.11916D-02       0.26990D-02       0.47994D+00       0.18395D+00
       0.25000D+02       0.11409D-02      -0.43155D-01       0.47967D+00       0.17933D+00
       0.26000D+02       0.11283D-02      -0.38727D-01       0.47999D+00       0.17322D+00
       0.27000D+02       0.11145D-02       0.43537D-01       0.48016D+00       0.16677D+00
       0.28000D+02       0.12002D-02       0.32729D-01       0.47983D+00       0.16166D+00
       0.29000D+02       0.11955D-02      -0.53893D-01       0.47981D+00       0.17008D+00
       0.30000D+02       0.11827D-02      -0.50854D-01       0.48011D+00       0.19171D+00
       0.31000D+02       0.11588D-02       0.30426D-01       0.48003D+00       0.19854D+00
       0.32000D+02       0.12426D-02       0.39738D-01       0.47975D+00       0.19481D+00
       0.33000D+02       0.12289D-02      -0.36503D-01       0.47993D+00       0.19833D+00
       0.34000D+02       0.12192D-02      -0.42304D-01       0.48017D+00       0.19260D+00
       0.35000D+02       0.11866D-02      -0.98913D-02       0.47995D+00       0.18918D+00
       0.36000D+02       0.11545D-02      -0.45395D-01       0.47974D+00       0.18560D+00
       0.37000D+02       0.11462D-02      -0.38898D-01       0.47996D+00       0.18118D+00
       0.38000D+02       0.11322D-02       0.38777D-01       0.48011D+00       0.17645D+00
       0.39000D+02       0.12027D-02       0.28719D-01       0.47987D+00       0.18905D+00
       0.40000D+02       0.11898D-02      -0.53869D-01       0.47983D+00       0.19442D+00
       0.41000D+02       0.11806D-02      -0.55539D-01       0.48004D+00       0.18990D+00
       0.42000D+02       0.11706D-02       0.29942D-01       0.48002D+00       0.19508D+00
       0.43000D+02       0.12255D-02       0.40837D-01       0.47981D+00       0.19132D+00
       0.44000D+02       0.12171D-02      -0.40051D-01       0.47992D+00       0.19403D+00
       0.45000D+02       0.12092D-02      -0.45649D-01       0.48010D+00       0.19677D+00
       0.46000D+02       0.11812D-02      -0.28668D-02       0.47995D+00       0.19442D+00
       0.47000D+02       0.11625D-02      -0.28241D-01       0.47978D+00       0.19175D+00
       0.48000D+02       0.11580D-02      -0.27284D-01       0.47995D+00       0.18818D+00
       0.49000D+02       0.11492D-02       0.44974D-01       0.48008D+00       0.18433D+00
       0.50000D+02       0.11985D-02       0.38131D-01       0.47990D+00       0.20615D+00
       0.51000D+02       0.11825D-02      -0.39907D-01       0.47984D+00       0.21781D+00
       0.52000D+02       0.11754D-02      -0.45694D-01       0.48001D+00       0.21378D+00
       0.53000D+02       0.11739D-02       0.43258D-01       0.48001D+00       0.21747D+00
       0.54000D+02       0.12087D-02       0.52720D-01       0.47984D+00       0.22138D+00
       0.55000D+02       0.12101D-02      -0.32734D-01       0.47992D+00       0.21742D+00
       0.56000D+02       0.12033D-02      -0.33497D-01       0.48006D+00       0.21360D+00
       0.57000D+02       0.11802D-02       0.19296D-01       0.47995D+00       0.21548D+00
       0.58000D+02       0.11740D-02       0.31492D-02       0.47981D+00       0.21282D+00
       0.59000D+02       0.11738D-02      -0.10873D-01       0.47995D+00       0.20955D+00
       0.60000D+02       0.11712D-02       0.52150D-01       0.48006D+00       0.20611D+00
       0.61000D+02       0.12007D-02       0.50139D-01       0.47992D+00       0.20424D+00
       0.62000D+02       0.11840D-02      -0.22635D-01       0.47985D+00       0.20110D+00
       0.63000D+02       0.11786D-02      -0.30412D-01       0.47999D+00       0.19800D+00
       0.64000D+02       0.11806D-02       0.60524D-01       0.48001D+00       0.20132D+00
       0.65000D+02       0.12039D-02       0.65490D-01       0.47987D+00       0.20487D+00
       0.66000D+02       0.12088D-02      -0.23766D-01       0.47992D+00       0.20198D+00
       0.67000D+02       0.12032D-02      -0.19262D-01       0.48004D+00       0.19918D+00
       0.68000D+02       0.11840D-02       0.42433D-01       0.47996D+00       0.20508D+00
       0.69000D+02       0.11894D-02       0.34263D-01       0.47983D+00       0.20309D+00
       0.70000D+02       0.11920D-02      -0.63383D-03       0.47995D+00       0.20069D+00
       0.71000D+02       0.11934D-02       0.46524D-01       0.48005D+00       0.19795D+00
       0.72000D+02       0.12057D-02       0.50531D-01       0.47993D+00       0.19623D+00
       0.73000D+02       0.11894D-02      -0.15770D-01       0.47986D+00       0.20170D+00
       0.74000D+02       0.11847D-02      -0.22443D-01       0.47998D+00       0.20319D+00
       0.75000D+02       0.11859D-02       0.68188D-01       0.48001D+00       0.20069D+00
       0.76000D+02       0.12040D-02       0.66892D-01       0.47989D+00       0.19845D+00
       0.77000D+02       0.12107D-02      -0.24167D-01       0.47991D+00       0.19613D+00
       0.78000D+02       0.12059D-02      -0.16654D-01       0.48002D+00       0.19395D+00
       0.79000D+02       0.11900D-02       0.52420D-01       0.47996D+00       0.19200D+00
       0.80000D+02       0.12059D-02       0.50965D-01       0.47985D+00       0.19061D+00
       0.81000D+02       0.12077D-02      -0.33944D-02       0.47995D+00       0.18864D+00
       0.82000D+02       0.12081D-02       0.22861D-01       0.48004D+00       0.18645D+00
       0.83000D+02       0.12082D-02       0.34077D-01       0.47994D+00       0.18509D+00
       0.84000D+02       0.11927D-02      -0.24215D-01       0.47987D+00       0.18996D+00
       0.85000D+02       0.11886D-02      -0.26766D-01       0.47997D+00       0.19133D+00
       0.86000D+02       0.11880D-02       0.61142D-01       0.48001D+00       0.18910D+00
       0.87000D+02       0.12069D-02       0.54055D-01       0.47990D+00       0.18718D+00
       0.88000D+02       0.12100D-02      -0.36322D-01       0.47991D+00       0.18518D+00
       0.89000D+02       0.12073D-02      -0.29008D-01       0.48001D+00       0.19241D+00
       0.90000D+02       0.11951D-02       0.45996D-01       0.47997D+00       0.19036D+00
       0.91000D+02       0.12180D-02       0.50101D-01       0.47987D+00       0.18913D+00
       0.92000D+02       0.12163D-02      -0.17323D-01       0.47994D+00       0.18755D+00
       0.93000D+02       0.12147D-02      -0.10354D-01       0.48003D+00       0.18559D+00
       0.94000D+02       0.12077D-02       0.93580D-02       0.47994D+00       0.18442D+00
       0.95000D+02       0.11941D-02      -0.39512D-01       0.47987D+00       0.18314D+00
       0.96000D+02       0.11903D-02      -0.36544D-01       0.47996D+00       0.18141D+00
       0.97000D+02       0.11862D-02       0.47098D-01       0.48000D+00       0.17954D+00
       0.98000D+02       0.12088D-02       0.36668D-01       0.47991D+00       0.17797D+00
       0.99000D+02       0.12084D-02      -0.51018D-01       0.47991D+00       0.18028D+00
       0.10000D+03       0.12046D-02      -0.46707D-01       0.48000D+00       0.18669D+00
       0.10100D+03       0.11960D-02       0.33221D-01       0.47997D+00       0.18883D+00
       0.10200D+03       0.12211D-02       0.41591D-01       0.47988D+00       0.18776D+00
       0.10300D+03       0.12173D-02      -0.33094D-01       0.47994D+00       0.18896D+00
       0.10400D+03       0.12144D-02      -0.37407D-01       0.48002D+00       0.18718D+00
       0.10500D+03       0.12042D-02      -0.80421D-02       0.47995D+00       0.18624D+00
       0.10600D+03       0.11927D-02      -0.46657D-01       0.47988D+00       0.18506D+00
       0.10700D+03       0.11896D-02      -0.40163D-01       0.47995D+00       0.18354D+00
       0.10800D+03       0.11842D-02       0.38892D-01       0.48000D+00       0.18186D+00
       0.10900D+03       0.12071D-02       0.28308D-01       0.47992D+00       0.18622D+00
       0.11000D+03       0.12033D-02      -0.55547D-01       0.47991D+00       0.18820D+00
       0.11100D+03       0.11999D-02      -0.55792D-01       0.47998D+00       0.18659D+00
       0.11200D+03       0.11949D-02       0.28486D-01       0.47997D+00       0.18853D+00
       0.11300D+03       0.12166D-02       0.39193D-01       0.47989D+00       0.18717D+00
       0.11400D+03       0.12130D-02      -0.40328D-01       0.47994D+00       0.18825D+00
       0.11500D+03       0.12100D-02      -0.46682D-01       0.48001D+00       0.18938D+00
       0.11600D+03       0.11992D-02      -0.70040D-02       0.47995D+00       0.18838D+00
       0.11700D+03       0.11905D-02      -0.35341D-01       0.47988D+00       0.18728D+00
       0.11800D+03       0.11883D-02      -0.31732D-01       0.47995D+00       0.18587D+00
       0.11900D+03       0.11838D-02       0.42380D-01       0.48000D+00       0.18429D+00
       0.12000D+03       0.12048D-02       0.34372D-01       0.47992D+00       0.19353D+00
       0.12100D+03       0.11987D-02      -0.45084D-01       0.47990D+00       0.19856D+00
       0.12200D+03       0.11956D-02      -0.49799D-01       0.47997D+00       0.19701D+00
       0.12300D+03       0.11939D-02       0.38229D-01       0.47997D+00       0.19873D+00
       0.12400D+03       0.12103D-02       0.48463D-01       0.47990D+00       0.19739D+00
       0.12500D+03       0.12100D-02      -0.35647D-01       0.47993D+00       0.19588D+00
       0.12600D+03       0.12070D-02      -0.38072D-01       0.48000D+00       0.19435D+00
       0.12700D+03       0.11966D-02       0.11812D-01       0.47995D+00       0.19535D+00
       0.12800D+03       0.11923D-02      -0.69744D-02       0.47988D+00       0.19430D+00
       0.12900D+03       0.11916D-02      -0.15621D-01       0.47995D+00       0.19295D+00
       0.13000D+03       0.11894D-02       0.50783D-01       0.48000D+00       0.19149D+00
       0.13100D+03       0.12046D-02       0.47192D-01       0.47993D+00       0.19060D+00
       0.13200D+03       0.11971D-02      -0.27261D-01       0.47990D+00       0.18924D+00
       0.13300D+03       0.11945D-02      -0.34739D-01       0.47997D+00       0.18790D+00
       0.13400D+03       0.11949D-02       0.55814D-01       0.47997D+00       0.18955D+00
       0.13500D+03       0.12067D-02       0.62396D-01       0.47991D+00       0.19133D+00
       0.13600D+03       0.12083D-02      -0.25883D-01       0.47993D+00       0.19002D+00
       0.13700D+03       0.12066D-02      -0.22805D-01       0.47999D+00       0.18873D+00
       0.13800D+03       0.11969D-02       0.36376D-01       0.47995D+00       0.19171D+00
       0.13900D+03       0.11978D-02       0.25956D-01       0.47989D+00       0.19082D+00
       0.14000D+03       0.11986D-02      -0.24960D-02       0.47995D+00       0.18971D+00
       0.14100D+03       0.11988D-02       0.50130D-01       0.48000D+00       0.18841D+00
       0.14200D+03       0.12069D-02       0.52216D-01       0.47994D+00       0.18772D+00
       0.14300D+03       0.11987D-02      -0.16175D-01       0.47990D+00       0.18645D+00
       0.14400D+03       0.11963D-02      -0.23524D-01       0.47996D+00       0.18520D+00
       0.14500D+03       0.11970D-02       0.67465D-01       0.47998D+00       0.18394D+00
       0.14600D+03       0.12065D-02       0.68102D-01       0.47991D+00       0.18284D+00
       0.14700D+03       0.12098D-02      -0.22677D-01       0.47993D+00       0.18172D+00
       0.14800D+03       0.12072D-02      -0.15740D-01       0.47999D+00       0.18066D+00
       0.14900D+03       0.11986D-02       0.51290D-01       0.47995D+00       0.18347D+00
       0.15000D+03       0.12052D-02       0.47950D-01       0.47990D+00       0.18267D+00
       0.15100D+03       0.12065D-02      -0.11357D-02       0.47995D+00       0.18167D+00
       0.15200D+03       0.12069D-02       0.31566D-01       0.48000D+00       0.18053D+00
       0.15300D+03       0.12086D-02       0.40492D-01       0.47994D+00       0.17983D+00
       0.15400D+03       0.12003D-02      -0.20360D-01       0.47991D+00       0.18252D+00
       0.15500D+03       0.11981D-02      -0.24400D-01       0.47996D+00       0.18332D+00
       0.15600D+03       0.11983D-02       0.64542D-01       0.47998D+00       0.18215D+00
       0.15700D+03       0.12071D-02       0.59003D-01       0.47992D+00       0.18112D+00
       0.15800D+03       0.12092D-02      -0.31824D-01       0.47993D+00       0.18005D+00
       0.15900D+03       0.12077D-02      -0.24118D-01       0.47998D+00       0.18410D+00
       0.16000D+03       0.12005D-02       0.49240D-01       0.47996D+00       0.18300D+00
       0.16100D+03       0.12120D-02       0.51803D-01       0.47990D+00       0.18236D+00
       0.16200D+03       0.12116D-02      -0.12443D-01       0.47995D+00       0.18143D+00
       0.16300D+03       0.12111D-02      -0.32779D-03       0.47999D+00       0.18035D+00
       0.16400D+03       0.12082D-02       0.16708D-01       0.47994D+00       0.17971D+00
       0.16500D+03       0.12004D-02      -0.35103D-01       0.47991D+00       0.18232D+00
       0.16600D+03       0.11982D-02      -0.33764D-01       0.47995D+00       0.18133D+00
       0.16700D+03       0.11963D-02       0.51236D-01       0.47998D+00       0.18024D+00
       0.16800D+03       0.12086D-02       0.41478D-01       0.47993D+00       0.17932D+00
       0.16900D+03       0.12090D-02      -0.47172D-01       0.47993D+00       0.18074D+00
       0.17000D+03       0.12067D-02      -0.41732D-01       0.47998D+00       0.18452D+00
       0.17100D+03       0.12012D-02       0.36798D-01       0.47996D+00       0.18580D+00
       0.17200D+03       0.12153D-02       0.44055D-01       0.47991D+00       0.18517D+00
       0.17300D+03       0.12133D-02      -0.28869D-01       0.47994D+00       0.18590D+00
       0.17400D+03       0.12118D-02      -0.30832D-01       0.47999D+00       0.18485D+00
       0.17500D+03       0.12063D-02      -0.44543D-02       0.47995D+00       0.18431D+00
       0.17600D+03       0.11990D-02      -0.46179D-01       0.47991D+00       0.18365D+00
       0.17700D+03       0.11971D-02      -0.40270D-01       0.47995D+00       0.18274D+00
       0.17800D+03       0.11940D-02       0.40150D-01       0.47998D+00       0.18173D+00
       0.17900D+03       0.12074D-02       0.29290D-01       0.47993D+00       0.18265D+00
       0.18000D+03       0.12057D-02      -0.55787D-01       0.47992D+00       0.18388D+00
       0.18100D+03       0.12036D-02      -0.54600D-01       0.47997D+00       0.18291D+00
       0.18200D+03       0.12000D-02       0.28426D-01       0.47996D+00       0.18412D+00
       0.18300D+03       0.12145D-02       0.38690D-01       0.47991D+00       0.18355D+00
       0.18400D+03       0.12122D-02      -0.39460D-01       0.47994D+00       0.18424D+00
       0.18500D+03       0.12103D-02      -0.46029D-01       0.47999D+00       0.18496D+00
       0.18600D+03       0.12038D-02      -0.94645D-02       0.47995D+00       0.18436D+00
       0.18700D+03       0.11979D-02      -0.40831D-01       0.47990D+00       0.18373D+00
       0.18800D+03       0.11964D-02      -0.35444D-01       0.47995D+00       0.18286D+00
       0.18900D+03       0.11933D-02       0.40282D-01       0.47998D+00       0.18189D+00
       0.19000D+03       0.12071D-02       0.31272D-01       0.47993D+00       0.18773D+00
       0.19100D+03       0.12037D-02      -0.49552D-01       0.47992D+00       0.19095D+00
       0.19200D+03       0.12017D-02      -0.53039D-01       0.47997D+00       0.19001D+00
       0.19300D+03       0.12000D-02       0.33957D-01       0.47996D+00       0.19114D+00
       0.19400D+03       0.12113D-02       0.44669D-01       0.47992D+00       0.19033D+00
       0.19500D+03       0.12105D-02      -0.38067D-01       0.47994D+00       0.18939D+00
       0.19600D+03       0.12087D-02      -0.42022D-01       0.47998D+00       0.18846D+00
       0.19700D+03       0.12021D-02       0.48687D-02       0.47995D+00       0.18795D+00
       0.19800D+03       0.11984D-02      -0.16665D-01       0.47991D+00       0.18735D+00
       0.19900D+03       0.11976D-02      -0.20652D-01       0.47995D+00       0.18652D+00
       0.20000D+03       0.11957D-02       0.48566D-01       0.47998D+00       0.18558D+00
       0.20100D+03       0.12068D-02       0.43504D-01       0.47994D+00       0.19101D+00
       0.20200D+03       0.12022D-02      -0.32533D-01       0.47992D+00       0.19402D+00
       0.20300D+03       0.12005D-02      -0.39446D-01       0.47996D+00       0.19701D+00
       0.20400D+03       0.12004D-02       0.50533D-01       0.47996D+00       0.19805D+00
       0.20500D+03       0.12089D-02       0.58516D-01       0.47992D+00       0.19918D+00
       0.20600D+03       0.12100D-02      -0.28631D-01       0.47994D+00       0.19823D+00
       0.20700D+03       0.12082D-02      -0.27140D-01       0.47998D+00       0.19734D+00
       0.20800D+03       0.12017D-02       0.29394D-01       0.47995D+00       0.19928D+00
       0.20900D+03       0.12012D-02       0.16607D-01       0.47991D+00       0.19862D+00
       0.21000D+03       0.12015D-02      -0.54705D-02       0.47995D+00       0.19777D+00
       0.21100D+03       0.12012D-02       0.52028D-01       0.47998D+00       0.19685D+00
       0.21200D+03       0.12080D-02       0.52296D-01       0.47994D+00       0.19636D+00
       0.21300D+03       0.12027D-02      -0.18051D-01       0.47992D+00       0.19551D+00
       0.21400D+03       0.12011D-02      -0.25781D-01       0.47996D+00       0.19464D+00
       0.21500D+03       0.12016D-02       0.65336D-01       0.47997D+00       0.19565D+00
       0.21600D+03       0.12081D-02       0.67885D-01       0.47992D+00       0.19675D+00
       0.21700D+03       0.12100D-02      -0.22386D-01       0.47994D+00       0.19592D+00
       0.21800D+03       0.12083D-02      -0.16313D-01       0.47997D+00       0.19509D+00
       0.21900D+03       0.12025D-02       0.48534D-01       0.47995D+00       0.19694D+00
       0.22000D+03       0.12056D-02       0.43205D-01       0.47991D+00       0.19636D+00
       0.22100D+03       0.12064D-02      -0.74246D-04       0.47995D+00       0.19561D+00
       0.22200D+03       0.12067D-02       0.39001D-01       0.47998D+00       0.19476D+00
       0.22300D+03       0.12091D-02       0.45752D-01       0.47994D+00       0.19414D+00
       0.22400D+03       0.12035D-02      -0.17523D-01       0.47992D+00       0.19593D+00
       0.22500D+03       0.12020D-02      -0.22853D-01       0.47996D+00       0.19641D+00
       0.22600D+03       0.12018D-02       0.66947D-01       0.47997D+00       0.19554D+00
       0.22700D+03       0.12083D-02       0.63139D-01       0.47993D+00       0.19478D+00
       0.22800D+03       0.12099D-02      -0.27935D-01       0.47993D+00       0.19398D+00
       0.22900D+03       0.12088D-02      -0.20115D-01       0.47997D+00       0.19674D+00
       0.23000D+03       0.12036D-02       0.51494D-01       0.47995D+00       0.19604D+00
       0.23100D+03       0.12106D-02       0.52409D-01       0.47991D+00       0.19554D+00
       0.23200D+03       0.12108D-02      -0.80478D-02       0.47995D+00       0.19484D+00
       0.23300D+03       0.12107D-02       0.98312D-02       0.47998D+00       0.19402D+00
       0.23400D+03       0.12094D-02       0.24303D-01       0.47994D+00       0.19351D+00
       0.23500D+03       0.12039D-02      -0.30352D-01       0.47992D+00       0.19527D+00
       0.23600D+03       0.12023D-02      -0.30704D-01       0.47995D+00       0.19448D+00
       0.23700D+03       0.12014D-02       0.55602D-01       0.47997D+00       0.19365D+00
       0.23800D+03       0.12093D-02       0.46804D-01       0.47993D+00       0.19293D+00
       0.23900D+03       0.12100D-02      -0.42685D-01       0.47993D+00       0.19217D+00
       0.24000D+03       0.12089D-02      -0.36297D-01       0.47997D+00       0.19481D+00
       0.24100D+03       0.12047D-02       0.40775D-01       0.47996D+00       0.19569D+00
       0.24200D+03       0.12143D-02       0.46772D-01       0.47992D+00       0.19520D+00
       0.24300D+03       0.12132D-02      -0.24086D-01       0.47995D+00       0.19568D+00
       0.24400D+03       0.12123D-02      -0.22811D-01       0.47998D+00       0.19489D+00
       0.24500D+03       0.12089D-02       0.65734D-03       0.47995D+00       0.19446D+00
       0.24600D+03       0.12036D-02      -0.44153D-01       0.47992D+00       0.19395D+00
       0.24700D+03       0.12022D-02      -0.39287D-01       0.47995D+00       0.19325D+00
       0.24800D+03       0.12002D-02       0.42507D-01       0.47997D+00       0.19247D+00
       0.24900D+03       0.12097D-02       0.31637D-01       0.47993D+00       0.19179D+00
       0.25000D+03       0.12089D-02      -0.54603D-01       0.47993D+00       0.19265D+00
       0.25100D+03       0.12074D-02      -0.52023D-01       0.47996D+00       0.19514D+00
       0.25200D+03       0.12044D-02       0.29708D-01       0.47996D+00       0.19596D+00
       0.25300D+03       0.12149D-02       0.39298D-01       0.47992D+00       0.19550D+00
       0.25400D+03       0.12132D-02      -0.37442D-01       0.47994D+00       0.19596D+00
       0.25500D+03       0.12120D-02      -0.43566D-01       0.47998D+00       0.19643D+00
       0.25600D+03       0.12074D-02      -0.10101D-01       0.47995D+00       0.19595D+00
       0.25700D+03       0.12029D-02      -0.44546D-01       0.47992D+00       0.19542D+00
       0.25800D+03       0.12016D-02      -0.38203D-01       0.47995D+00       0.19475D+00
       0.25900D+03       0.11993D-02       0.38991D-01       0.47997D+00       0.19400D+00
       0.26000D+03       0.12096D-02       0.29164D-01       0.47994D+00       0.19582D+00
       0.26100D+03       0.12074D-02      -0.52982D-01       0.47993D+00       0.19662D+00
       0.26200D+03       0.12060D-02      -0.55127D-01       0.47996D+00       0.19590D+00
       0.26300D+03       0.12044D-02       0.30751D-01       0.47996D+00       0.19671D+00
       0.26400D+03       0.12131D-02       0.41648D-01       0.47992D+00       0.19609D+00
       0.26500D+03       0.12123D-02      -0.39709D-01       0.47994D+00       0.19538D+00
       0.26600D+03       0.12109D-02      -0.44947D-01       0.47997D+00       0.19468D+00
       0.26700D+03       0.12061D-02      -0.11118D-02       0.47995D+00       0.19428D+00
       0.26800D+03       0.12028D-02      -0.25493D-01       0.47992D+00       0.19381D+00
       0.26900D+03       0.12020D-02      -0.25645D-01       0.47995D+00       0.19317D+00
       0.27000D+03       0.12003D-02       0.45907D-01       0.47997D+00       0.19245D+00
       0.27100D+03       0.12091D-02       0.39496D-01       0.47994D+00       0.19645D+00
       0.27200D+03       0.12059D-02      -0.38045D-01       0.47993D+00       0.19867D+00
       0.27300D+03       0.12047D-02      -0.44155D-01       0.47996D+00       0.20088D+00
       0.27400D+03       0.12043D-02       0.45083D-01       0.47996D+00       0.20164D+00
       0.27500D+03       0.12113D-02       0.54216D-01       0.47993D+00       0.20246D+00
       0.27600D+03       0.12117D-02      -0.31684D-01       0.47994D+00       0.20175D+00
       0.27700D+03       0.12103D-02      -0.31869D-01       0.47997D+00       0.20103D+00
       0.27800D+03       0.12055D-02       0.21895D-01       0.47995D+00       0.20146D+00
       0.27900D+03       0.12043D-02       0.66233D-02       0.47992D+00       0.20096D+00
       0.28000D+03       0.12043D-02      -0.93713D-02       0.47995D+00       0.20031D+00
       0.28100D+03       0.12038D-02       0.52356D-01       0.47997D+00       0.19961D+00
       0.28200D+03       0.12098D-02       0.50908D-01       0.47994D+00       0.19923D+00
       0.28300D+03       0.12060D-02      -0.21269D-01       0.47993D+00       0.19857D+00
       0.28400D+03       0.12047D-02      -0.29084D-01       0.47996D+00       0.19790D+00
       0.28500D+03       0.12051D-02       0.61936D-01       0.47996D+00       0.19865D+00
       0.28600D+03       0.12102D-02       0.66309D-01       0.47993D+00       0.19947D+00
       0.28700D+03       0.12114D-02      -0.23239D-01       0.47994D+00       0.19883D+00
       0.28800D+03       0.12101D-02      -0.18295D-01       0.47997D+00       0.19819D+00
       0.28900D+03       0.12056D-02       0.44227D-01       0.47995D+00       0.19958D+00
       0.29000D+03       0.12071D-02       0.36799D-01       0.47992D+00       0.19912D+00
       0.29100D+03       0.12077D-02      -0.27573D-03       0.47995D+00       0.19856D+00
       0.29200D+03       0.12079D-02       0.44895D-01       0.47997D+00       0.19789D+00
       0.29300D+03       0.12105D-02       0.49582D-01       0.47994D+00       0.19747D+00
       0.29400D+03       0.12064D-02      -0.15973D-01       0.47993D+00       0.19882D+00
       0.29500D+03       0.12052D-02      -0.22350D-01       0.47995D+00       0.19918D+00
       0.29600D+03       0.12053D-02       0.68107D-01       0.47996D+00       0.19851D+00
       0.29700D+03       0.12100D-02       0.66158D-01       0.47993D+00       0.19792D+00
       0.29800D+03       0.12117D-02      -0.24944D-01       0.47994D+00       0.19732D+00
       0.29900D+03       0.12104D-02      -0.17302D-01       0.47997D+00       0.19675D+00
       0.30000D+03       0.12063D-02       0.52439D-01       0.47995D+00       0.19622D+00
       0.30100D+03       0.12108D-02       0.51605D-01       0.47992D+00       0.19584D+00
       0.30200D+03       0.12112D-02      -0.44166D-02       0.47995D+00       0.19530D+00
       0.30300D+03       0.12112D-02       0.19661D-01       0.47997D+00       0.19468D+00
       0.30400D+03       0.12110D-02       0.31685D-01       0.47994D+00       0.19428D+00
       0.30500D+03       0.12067D-02      -0.25702D-01       0.47992D+00       0.19560D+00
       0.30600D+03       0.12055D-02      -0.27711D-01       0.47995D+00       0.19595D+00
       0.30700D+03       0.12052D-02       0.59810D-01       0.47996D+00       0.19532D+00
       0.30800D+03       0.12106D-02       0.52246D-01       0.47993D+00       0.19475D+00
       0.30900D+03       0.12114D-02      -0.37934D-01       0.47994D+00       0.19416D+00
       0.31000D+03       0.12106D-02      -0.30815D-01       0.47996D+00       0.19620D+00
       0.31100D+03       0.12071D-02       0.44729D-01       0.47995D+00       0.19688D+00
       0.31200D+03       0.12140D-02       0.49337D-01       0.47992D+00       0.19650D+00
       0.31300D+03       0.12134D-02      -0.19046D-01       0.47995D+00       0.19686D+00
       0.31400D+03       0.12129D-02      -0.13666D-01       0.47997D+00       0.19625D+00
       0.31500D+03       0.12106D-02       0.69854D-02       0.47995D+00       0.19592D+00
       0.31600D+03       0.12065D-02      -0.40862D-01       0.47992D+00       0.19550D+00
       0.31700D+03       0.12054D-02      -0.37371D-01       0.47995D+00       0.19493D+00
       0.31800D+03       0.12039D-02       0.45802D-01       0.47996D+00       0.19432D+00
       0.31900D+03       0.12109D-02       0.35209D-01       0.47994D+00       0.19379D+00
       0.32000D+03       0.12107D-02      -0.52124D-01       0.47993D+00       0.19446D+00
       0.32100D+03       0.12095D-02      -0.48233D-01       0.47996D+00       0.19641D+00
       0.32200D+03       0.12068D-02       0.32162D-01       0.47995D+00       0.19705D+00
       0.32300D+03       0.12148D-02       0.40873D-01       0.47993D+00       0.19669D+00
       0.32400D+03       0.12136D-02      -0.34361D-01       0.47994D+00       0.19704D+00
       0.32500D+03       0.12127D-02      -0.39276D-01       0.47997D+00       0.19644D+00
       0.32600D+03       0.12093D-02      -0.88767D-02       0.47995D+00       0.19606D+00
       0.32700D+03       0.12056D-02      -0.46428D-01       0.47992D+00       0.19565D+00
       0.32800D+03       0.12046D-02      -0.39861D-01       0.47995D+00       0.19512D+00
       0.32900D+03       0.12027D-02       0.38725D-01       0.47996D+00       0.19453D+00
       0.33000D+03       0.12103D-02       0.28295D-01       0.47994D+00       0.19594D+00
       0.33100D+03       0.12089D-02      -0.55133D-01       0.47993D+00       0.19656D+00
       0.33200D+03       0.12077D-02      -0.55868D-01       0.47996D+00       0.19600D+00
       0.33300D+03       0.12061D-02       0.28827D-01       0.47995D+00       0.19662D+00
       0.33400D+03       0.12134D-02       0.39628D-01       0.47993D+00       0.19613D+00
       0.33500D+03       0.12122D-02      -0.40359D-01       0.47994D+00       0.19648D+00
       0.33600D+03       0.12112D-02      -0.46509D-01       0.47997D+00       0.19684D+00
       0.33700D+03       0.12074D-02      -0.57693D-02       0.47995D+00       0.19651D+00
       0.33800D+03       0.12044D-02      -0.33086D-01       0.47992D+00       0.19611D+00
       0.33900D+03       0.12037D-02      -0.30283D-01       0.47995D+00       0.19559D+00
       0.34000D+03       0.12021D-02       0.43228D-01       0.47996D+00       0.19501D+00
       0.34100D+03       0.12094D-02       0.35601D-01       0.47994D+00       0.19818D+00
       0.34200D+03       0.12071D-02      -0.43378D-01       0.47993D+00       0.19995D+00
       0.34300D+03       0.12060D-02      -0.48478D-01       0.47996D+00       0.19939D+00
       0.34400D+03       0.12054D-02       0.39878D-01       0.47996D+00       0.20000D+00
       0.34500D+03       0.12112D-02       0.49882D-01       0.47993D+00       0.20069D+00
       0.34600D+03       0.12112D-02      -0.34692D-01       0.47994D+00       0.20012D+00
       0.34700D+03       0.12101D-02      -0.36559D-01       0.47997D+00       0.19956D+00
       0.34800D+03       0.12062D-02       0.14329D-01       0.47995D+00       0.19990D+00
       0.34900D+03       0.12048D-02      -0.35439D-02       0.47992D+00       0.19950D+00
       0.35000D+03       0.12046D-02      -0.13952D-01       0.47995D+00       0.19899D+00
       0.35100D+03       0.12038D-02       0.51365D-01       0.47997D+00       0.19844D+00
       0.35200D+03       0.12093D-02       0.48301D-01       0.47994D+00       0.19813D+00
       0.35300D+03       0.12064D-02      -0.25590D-01       0.47993D+00       0.19760D+00
       0.35400D+03       0.12054D-02      -0.33200D-01       0.47995D+00       0.19707D+00
       0.35500D+03       0.12056D-02       0.57505D-01       0.47996D+00       0.19767D+00
       0.35600D+03       0.12099D-02       0.63557D-01       0.47993D+00       0.19832D+00
       0.35700D+03       0.12106D-02      -0.25074D-01       0.47994D+00       0.19780D+00
       0.35800D+03       0.12100D-02      -0.21488D-01       0.47996D+00       0.19729D+00
       0.35900D+03       0.12063D-02       0.38567D-01       0.47995D+00       0.19836D+00
       0.36000D+03       0.12068D-02       0.28928D-01       0.47992D+00       0.19800D+00
       0.36100D+03       0.12071D-02      -0.17277D-02       0.47995D+00       0.19755D+00
       0.36200D+03       0.12072D-02       0.49094D-01       0.47997D+00       0.19702D+00
       0.36300D+03       0.12101D-02       0.51825D-01       0.47994D+00       0.19673D+00
       0.36400D+03       0.12068D-02      -0.15869D-01       0.47993D+00       0.19623D+00
       0.36500D+03       0.12059D-02      -0.23020D-01       0.47995D+00       0.19576D+00
       0.36600D+03       0.12061D-02       0.67873D-01       0.47996D+00       0.19527D+00
       0.36700D+03       0.12098D-02       0.67849D-01       0.47993D+00       0.19482D+00
       0.36800D+03       0.12112D-02      -0.23051D-01       0.47994D+00       0.19434D+00
       0.36900D+03       0.12102D-02      -0.15885D-01       0.47996D+00       0.19388D+00
       0.37000D+03       0.12067D-02       0.51859D-01       0.47995D+00       0.19347D+00
       0.37100D+03       0.12096D-02       0.49174D-01       0.47993D+00       0.19317D+00
       0.37200D+03       0.12100D-02      -0.17779D-02       0.47995D+00       0.19273D+00
       0.37300D+03       0.12102D-02       0.28721D-01       0.47997D+00       0.19224D+00
       0.37400D+03       0.12106D-02       0.38415D-01       0.47994D+00       0.19192D+00
       0.37500D+03       0.12072D-02      -0.21578D-01       0.47993D+00       0.19299D+00
       0.37600D+03       0.12062D-02      -0.25129D-01       0.47995D+00       0.19329D+00
       0.37700D+03       0.12062D-02       0.63478D-01       0.47996D+00       0.19278D+00
       0.37800D+03       0.12103D-02       0.57387D-01       0.47994D+00       0.19233D+00
       0.37900D+03       0.12111D-02      -0.33308D-01       0.47994D+00       0.19185D+00
       0.38000D+03       0.12105D-02      -0.25706D-01       0.47996D+00       0.19351D+00
       0.38100D+03       0.12075D-02       0.48226D-01       0.47995D+00       0.19303D+00
       0.38200D+03       0.12125D-02       0.51327D-01       0.47993D+00       0.19273D+00
       0.38300D+03       0.12123D-02      -0.14070D-01       0.47995D+00       0.19231D+00
       0.38400D+03       0.12120D-02      -0.37892D-02       0.47997D+00       0.19182D+00
       0.38500D+03       0.12106D-02       0.14148D-01       0.47995D+00       0.19152D+00
       0.38600D+03       0.12072D-02      -0.36669D-01       0.47993D+00       0.19261D+00
       0.38700D+03       0.12063D-02      -0.34762D-01       0.47995D+00       0.19215D+00
       0.38800D+03       0.12053D-02       0.49779D-01       0.47996D+00       0.19166D+00
       0.38900D+03       0.12107D-02       0.39758D-01       0.47994D+00       0.19123D+00
       0.39000D+03       0.12108D-02      -0.48575D-01       0.47994D+00       0.19182D+00
       0.39100D+03       0.12098D-02      -0.43502D-01       0.47996D+00       0.19343D+00
       0.39200D+03       0.12075D-02       0.35511D-01       0.47995D+00       0.19396D+00
       0.39300D+03       0.12137D-02       0.43166D-01       0.47993D+00       0.19367D+00
       0.39400D+03       0.12128D-02      -0.30388D-01       0.47994D+00       0.19397D+00
       0.39500D+03       0.12121D-02      -0.33253D-01       0.47997D+00       0.19348D+00
       0.39600D+03       0.12096D-02      -0.58635D-02       0.47995D+00       0.19322D+00
       0.39700D+03       0.12064D-02      -0.46528D-01       0.47993D+00       0.19291D+00
       0.39800D+03       0.12055D-02      -0.40361D-01       0.47995D+00       0.19248D+00
       0.39900D+03       0.12041D-02       0.39593D-01       0.47996D+00       0.19200D+00
       0.40000D+03       0.12102D-02       0.28797D-01       0.47994D+00       0.19239D+00
       0.40100D+03       0.12093D-02      -0.55868D-01       0.47994D+00       0.19292D+00
       0.40200D+03       0.12083D-02      -0.55168D-01       0.47996D+00       0.19246D+00
       0.40300D+03       0.12068D-02       0.28290D-01       0.47995D+00       0.19298D+00
       0.40400D+03       0.12129D-02       0.38732D-01       0.47993D+00       0.19264D+00
       0.40500D+03       0.12118D-02      -0.39887D-01       0.47994D+00       0.19294D+00
       0.40600D+03       0.12110D-02      -0.46451D-01       0.47996D+00       0.19324D+00
       0.40700D+03       0.12080D-02      -0.88242D-02       0.47995D+00       0.19295D+00
       0.40800D+03       0.12053D-02      -0.39150D-01       0.47993D+00       0.19264D+00
       0.40900D+03       0.12046D-02      -0.34274D-01       0.47995D+00       0.19222D+00
       0.41000D+03       0.12032D-02       0.40922D-01       0.47996D+00       0.19175D+00
       0.41100D+03       0.12095D-02       0.32234D-01       0.47994D+00       0.19443D+00
       0.41200D+03       0.12078D-02      -0.48128D-01       0.47993D+00       0.19590D+00
       0.41300D+03       0.12069D-02      -0.52049D-01       0.47995D+00       0.19545D+00
       0.41400D+03       0.12062D-02       0.35309D-01       0.47995D+00       0.19597D+00
       0.41500D+03       0.12113D-02       0.45891D-01       0.47993D+00       0.19557D+00
       0.41600D+03       0.12110D-02      -0.37315D-01       0.47994D+00       0.19512D+00
       0.41700D+03       0.12101D-02      -0.40770D-01       0.47996D+00       0.19466D+00
       0.41800D+03       0.12069D-02       0.71512D-02       0.47995D+00       0.19435D+00
       0.41900D+03       0.12053D-02      -0.13433D-01       0.47993D+00       0.19404D+00
       0.42000D+03       0.12050D-02      -0.18923D-01       0.47995D+00       0.19363D+00
       0.42100D+03       0.12042D-02       0.49394D-01       0.47996D+00       0.19317D+00
       0.42200D+03       0.12093D-02       0.44821D-01       0.47994D+00       0.19574D+00
       0.42300D+03       0.12070D-02      -0.30685D-01       0.47993D+00       0.19716D+00
       0.42400D+03       0.12062D-02      -0.37819D-01       0.47995D+00       0.19859D+00
       0.42500D+03       0.12062D-02       0.52376D-01       0.47995D+00       0.19908D+00
       0.42600D+03       0.12101D-02       0.59907D-01       0.47993D+00       0.19962D+00
       0.42700D+03       0.12107D-02      -0.27642D-01       0.47994D+00       0.19918D+00
       0.42800D+03       0.12098D-02      -0.25594D-01       0.47996D+00       0.19875D+00
       0.42900D+03       0.12067D-02       0.31858D-01       0.47995D+00       0.19968D+00
       0.43000D+03       0.12066D-02       0.19892D-01       0.47993D+00       0.19936D+00
       0.43100D+03       0.12068D-02      -0.43400D-02       0.47995D+00       0.19894D+00
       0.43200D+03       0.12067D-02       0.51566D-01       0.47996D+00       0.19850D+00
       0.43300D+03       0.12098D-02       0.52444D-01       0.47994D+00       0.19825D+00
       0.43400D+03       0.12072D-02      -0.17251D-01       0.47993D+00       0.19783D+00
       0.43500D+03       0.12064D-02      -0.24884D-01       0.47995D+00       0.19739D+00
       0.43600D+03       0.12066D-02       0.66215D-01       0.47996D+00       0.19695D+00
       0.43700D+03       0.12097D-02       0.68118D-01       0.47994D+00       0.19655D+00
       0.43800D+03       0.12108D-02      -0.22352D-01       0.47994D+00       0.19614D+00
       0.43900D+03       0.12099D-02      -0.15953D-01       0.47996D+00       0.19573D+00
       0.44000D+03       0.12070D-02       0.49656D-01       0.47995D+00       0.19665D+00
       0.44100D+03       0.12088D-02       0.45018D-01       0.47993D+00       0.19636D+00
       0.44200D+03       0.12092D-02      -0.29639D-03       0.47995D+00       0.19599D+00
       0.44300D+03       0.12093D-02       0.36624D-01       0.47996D+00       0.19556D+00
       0.44400D+03       0.12103D-02       0.44105D-01       0.47994D+00       0.19524D+00
       0.44500D+03       0.12074D-02      -0.18359D-01       0.47993D+00       0.19614D+00
       0.44600D+03       0.12067D-02      -0.23273D-01       0.47995D+00       0.19639D+00
       0.44700D+03       0.12065D-02       0.66255D-01       0.47996D+00       0.19595D+00
       0.44800D+03       0.12098D-02       0.61839D-01       0.47994D+00       0.19556D+00
       0.44900D+03       0.12106D-02      -0.29175D-01       0.47994D+00       0.19515D+00
       0.45000D+03       0.12101D-02      -0.21362D-01       0.47996D+00       0.19655D+00
       0.45100D+03       0.12075D-02       0.50857D-01       0.47995D+00       0.19618D+00
       0.45200D+03       0.12112D-02       0.52346D-01       0.47993D+00       0.19592D+00
       0.45300D+03       0.12112D-02      -0.94756D-02       0.47995D+00       0.19556D+00
       0.45400D+03       0.12111D-02       0.63766D-02       0.47996D+00       0.19514D+00
       0.45500D+03       0.12103D-02       0.21711D-01       0.47995D+00       0.19488D+00
       0.45600D+03       0.12075D-02      -0.31985D-01       0.47993D+00       0.19578D+00
       0.45700D+03       0.12067D-02      -0.31759D-01       0.47995D+00       0.19537D+00
       0.45800D+03       0.12061D-02       0.54109D-01       0.47996D+00       0.19494D+00
       0.45900D+03       0.12103D-02       0.44952D-01       0.47994D+00       0.19456D+00
       0.46000D+03       0.12106D-02      -0.44266D-01       0.47994D+00       0.19505D+00
       0.46100D+03       0.12100D-02      -0.38179D-01       0.47996D+00       0.19642D+00
       0.46200D+03       0.12079D-02       0.39398D-01       0.47995D+00       0.19688D+00
       0.46300D+03       0.12130D-02       0.45841D-01       0.47993D+00       0.19662D+00
       0.46400D+03       0.12124D-02      -0.25763D-01       0.47995D+00       0.19687D+00
       0.46500D+03       0.12119D-02      -0.25694D-01       0.47996D+00       0.19646D+00
       0.46600D+03       0.12100D-02      -0.12420D-02       0.47995D+00       0.19623D+00
       0.46700D+03       0.12072D-02      -0.45003D-01       0.47993D+00       0.19595D+00
       0.46800D+03       0.12065D-02      -0.39737D-01       0.47995D+00       0.19558D+00
       0.46900D+03       0.12053D-02       0.41586D-01       0.47996D+00       0.19516D+00
       0.47000D+03       0.12105D-02       0.30688D-01       0.47994D+00       0.19483D+00
       0.47100D+03       0.12100D-02      -0.55162D-01       0.47994D+00       0.19527D+00
       0.47200D+03       0.12092D-02      -0.53050D-01       0.47996D+00       0.19659D+00
       0.47300D+03       0.12076D-02       0.29128D-01       0.47995D+00       0.19702D+00
       0.47400D+03       0.12132D-02       0.38972D-01       0.47993D+00       0.19678D+00
       0.47500D+03       0.12124D-02      -0.38257D-01       0.47994D+00       0.19702D+00
       0.47600D+03       0.12117D-02      -0.44614D-01       0.47996D+00       0.19727D+00
       0.47700D+03       0.12092D-02      -0.10094D-01       0.47995D+00       0.19701D+00
       0.47800D+03       0.12068D-02      -0.43483D-01       0.47993D+00       0.19672D+00
       0.47900D+03       0.12061D-02      -0.37379D-01       0.47995D+00       0.19635D+00
       0.48000D+03       0.12048D-02       0.39326D-01       0.47996D+00       0.19595D+00
       0.48100D+03       0.12104D-02       0.29755D-01       0.47994D+00       0.19693D+00
       0.48200D+03       0.12092D-02      -0.51944D-01       0.47994D+00       0.19819D+00
       0.48300D+03       0.12084D-02      -0.54558D-01       0.47995D+00       0.19780D+00
       0.48400D+03       0.12075D-02       0.31710D-01       0.47995D+00       0.19823D+00
       0.48500D+03       0.12122D-02       0.42576D-01       0.47993D+00       0.19789D+00
       0.48600D+03       0.12118D-02      -0.39251D-01       0.47994D+00       0.19750D+00
       0.48700D+03       0.12111D-02      -0.44086D-01       0.47996D+00       0.19710D+00
       0.48800D+03       0.12084D-02       0.79804D-03       0.47995D+00       0.19687D+00
       0.48900D+03       0.12067D-02      -0.22600D-01       0.47993D+00       0.19661D+00
       0.49000D+03       0.12063D-02      -0.23965D-01       0.47995D+00       0.19625D+00
       0.49100D+03       0.12054D-02       0.46838D-01       0.47996D+00       0.19585D+00
       0.49200D+03       0.12101D-02       0.40873D-01       0.47994D+00       0.19805D+00
       0.49300D+03       0.12083D-02      -0.36163D-01       0.47993D+00       0.19846D+00
       0.49400D+03       0.12076D-02      -0.42571D-01       0.47995D+00       0.19807D+00
       0.49500D+03       0.12075D-02       0.46937D-01       0.47995D+00       0.19850D+00
       0.49600D+03       0.12112D-02       0.55707D-01       0.47993D+00       0.19896D+00
       0.49700D+03       0.12115D-02      -0.30629D-01       0.47994D+00       0.19857D+00
       0.49800D+03       0.12108D-02      -0.30237D-01       0.47996D+00       0.19818D+00
       0.49900D+03       0.12081D-02       0.24486D-01       0.47995D+00       0.19843D+00
       0.50000D+03       0.12075D-02       0.10076D-01       0.47993D+00       0.19815D+00
       0.50100D+03       0.12076D-02      -0.79495D-02       0.47995D+00       0.19779D+00
       0.50200D+03       0.12073D-02       0.52407D-01       0.47996D+00       0.19741D+00
       0.50300D+03       0.12105D-02       0.51534D-01       0.47994D+00       0.19720D+00
       0.50400D+03       0.12083D-02      -0.20032D-01       0.47993D+00       0.19684D+00
       0.50500D+03       0.12077D-02      -0.27851D-01       0.47995D+00       0.19647D+00
       0.50600D+03       0.12078D-02       0.63227D-01       0.47995D+00       0.19689D+00
       0.50700D+03       0.12107D-02       0.66991D-01       0.47994D+00       0.19736D+00
       0.50800D+03       0.12114D-02      -0.22827D-01       0.47994D+00       0.19700D+00
       0.50900D+03       0.12107D-02      -0.17470D-01       0.47996D+00       0.19664D+00
       0.51000D+03       0.12081D-02       0.45862D-01       0.47995D+00       0.19743D+00
       0.51100D+03       0.12092D-02       0.39163D-01       0.47993D+00       0.19718D+00
       0.51200D+03       0.12095D-02      -0.64066D-04       0.47995D+00       0.19686D+00
       0.51300D+03       0.12096D-02       0.43068D-01       0.47996D+00       0.19648D+00
       0.51400D+03       0.12110D-02       0.48447D-01       0.47994D+00       0.19621D+00
       0.51500D+03       0.12086D-02      -0.16345D-01       0.47993D+00       0.19699D+00
       0.51600D+03       0.12079D-02      -0.22394D-01       0.47995D+00       0.19719D+00
       0.51700D+03       0.12079D-02       0.67862D-01       0.47995D+00       0.19681D+00
       0.51800D+03       0.12106D-02       0.65268D-01       0.47994D+00       0.19648D+00
       0.51900D+03       0.12116D-02      -0.25850D-01       0.47994D+00       0.19612D+00
       0.52000D+03       0.12109D-02      -0.18114D-01       0.47996D+00       0.19734D+00
       0.52100D+03       0.12085D-02       0.52279D-01       0.47995D+00       0.19703D+00
       0.52200D+03       0.12112D-02       0.52053D-01       0.47993D+00       0.19681D+00
       0.52300D+03       0.12114D-02      -0.55552D-02       0.47995D+00       0.19649D+00
       0.52400D+03       0.12115D-02       0.16370D-01       0.47996D+00       0.19613D+00
       0.52500D+03       0.12112D-02       0.29216D-01       0.47994D+00       0.19590D+00
       0.52600D+03       0.12087D-02      -0.27251D-01       0.47993D+00       0.19665D+00
       0.52700D+03       0.12080D-02      -0.28703D-01       0.47995D+00       0.19686D+00
       0.52800D+03       0.12077D-02       0.58415D-01       0.47996D+00       0.19649D+00
       0.52900D+03       0.12110D-02       0.50401D-01       0.47994D+00       0.19616D+00
       0.53000D+03       0.12114D-02      -0.39562D-01       0.47994D+00       0.19581D+00
       0.53100D+03       0.12109D-02      -0.32666D-01       0.47996D+00       0.19700D+00
       0.53200D+03       0.12089D-02       0.43409D-01       0.47995D+00       0.19739D+00
       0.53300D+03       0.12131D-02       0.48505D-01       0.47993D+00       0.19716D+00
       0.53400D+03       0.12127D-02      -0.20775D-01       0.47995D+00       0.19738D+00
       0.53500D+03       0.12124D-02      -0.16891D-01       0.47996D+00       0.19702D+00
       0.53600D+03       0.12109D-02       0.47104D-02       0.47995D+00       0.19682D+00
       0.53700D+03       0.12085D-02      -0.42107D-01       0.47993D+00       0.19658D+00
       0.53800D+03       0.12079D-02      -0.38117D-01       0.47995D+00       0.19625D+00
       0.53900D+03       0.12070D-02       0.44585D-01       0.47996D+00       0.19589D+00
       0.54000D+03       0.12112D-02       0.33865D-01       0.47994D+00       0.19557D+00
       0.54100D+03       0.12110D-02      -0.53104D-01       0.47994D+00       0.19596D+00
       0.54200D+03       0.12103D-02      -0.49649D-01       0.47995D+00       0.19711D+00
       0.54300D+03       0.12088D-02       0.31208D-01       0.47995D+00       0.19749D+00
       0.54400D+03       0.12135D-02       0.40240D-01       0.47993D+00       0.19728D+00
       0.54500D+03       0.12128D-02      -0.35523D-01       0.47994D+00       0.19748D+00
       0.54600D+03       0.12122D-02      -0.40943D-01       0.47996D+00       0.19713D+00
       0.54700D+03       0.12102D-02      -0.95020D-02       0.47995D+00       0.19690D+00
       0.54800D+03       0.12080D-02      -0.45991D-01       0.47993D+00       0.19665D+00
       0.54900D+03       0.12074D-02      -0.39424D-01       0.47995D+00       0.19634D+00
       0.55000D+03       0.12063D-02       0.38692D-01       0.47996D+00       0.19598D+00
       0.55100D+03       0.12111D-02       0.28442D-01       0.47994D+00       0.19684D+00
       0.55200D+03       0.12102D-02      -0.54553D-01       0.47994D+00       0.19721D+00
       0.55300D+03       0.12095D-02      -0.55775D-01       0.47995D+00       0.19687D+00
       0.55400D+03       0.12086D-02       0.29331D-01       0.47995D+00       0.19725D+00
       0.55500D+03       0.12129D-02       0.40195D-01       0.47994D+00       0.19696D+00
       0.55600D+03       0.12122D-02      -0.40258D-01       0.47994D+00       0.19716D+00
       0.55700D+03       0.12116D-02      -0.46147D-01       0.47996D+00       0.19738D+00
       0.55800D+03       0.12093D-02      -0.43471D-02       0.47995D+00       0.19718D+00
       0.55900D+03       0.12076D-02      -0.30653D-01       0.47993D+00       0.19695D+00
       0.56000D+03       0.12071D-02      -0.28758D-01       0.47995D+00       0.19664D+00
       0.56100D+03       0.12062D-02       0.44120D-01       0.47996D+00       0.19629D+00
       0.56200D+03       0.12106D-02       0.36891D-01       0.47994D+00       0.19821D+00
       0.56300D+03       0.12091D-02      -0.41603D-01       0.47994D+00       0.19928D+00
       0.56400D+03       0.12084D-02      -0.47069D-01       0.47995D+00       0.19894D+00
       0.56500D+03       0.12081D-02       0.41603D-01       0.47995D+00       0.19931D+00
       0.56600D+03       0.12115D-02       0.51341D-01       0.47994D+00       0.19971D+00
       0.56700D+03       0.12116D-02      -0.33692D-01       0.47994D+00       0.19937D+00
       0.56800D+03       0.12109D-02      -0.34990D-01       0.47996D+00       0.19902D+00
       0.56900D+03       0.12086D-02       0.16891D-01       0.47995D+00       0.19924D+00
       0.57000D+03       0.12078D-02      -0.80741D-04       0.47993D+00       0.19899D+00
       0.57100D+03       0.12077D-02      -0.12329D-01       0.47995D+00       0.19868D+00
       0.57200D+03       0.12073D-02       0.51832D-01       0.47996D+00       0.19834D+00
       0.57300D+03       0.12105D-02       0.49308D-01       0.47994D+00       0.19815D+00
       0.57400D+03       0.12087D-02      -0.24009D-01       0.47994D+00       0.19783D+00
       0.57500D+03       0.12081D-02      -0.31721D-01       0.47995D+00       0.19750D+00
       0.57600D+03       0.12082D-02       0.59115D-01       0.47995D+00       0.19787D+00
       0.57700D+03       0.12108D-02       0.64613D-01       0.47994D+00       0.19827D+00
       0.57800D+03       0.12113D-02      -0.24351D-01       0.47994D+00       0.19795D+00
       0.57900D+03       0.12107D-02      -0.20278D-01       0.47996D+00       0.19763D+00
       0.58000D+03       0.12084D-02       0.40635D-01       0.47995D+00       0.19830D+00
       0.58100D+03       0.12089D-02       0.31763D-01       0.47993D+00       0.19807D+00
       0.58200D+03       0.12091D-02      -0.10953D-02       0.47995D+00       0.19779D+00
       0.58300D+03       0.12092D-02       0.47856D-01       0.47996D+00       0.19746D+00
       0.58400D+03       0.12109D-02       0.51243D-01       0.47994D+00       0.19725D+00
       0.58500D+03       0.12088D-02      -0.15737D-01       0.47994D+00       0.19793D+00
       0.58600D+03       0.12082D-02      -0.22655D-01       0.47995D+00       0.19812D+00
       0.58700D+03       0.12083D-02       0.68114D-01       0.47995D+00       0.19781D+00
       0.58800D+03       0.12107D-02       0.67430D-01       0.47994D+00       0.19752D+00
       0.58900D+03       0.12115D-02      -0.23565D-01       0.47994D+00       0.19722D+00
       0.59000D+03       0.12109D-02      -0.16204D-01       0.47996D+00       0.19693D+00
       0.59100D+03       0.12087D-02       0.52237D-01       0.47995D+00       0.19667D+00
       0.59200D+03       0.12107D-02       0.50196D-01       0.47993D+00       0.19647D+00
       0.59300D+03       0.12110D-02      -0.25557D-02       0.47995D+00       0.19619D+00
       0.59400D+03       0.12110D-02       0.25739D-01       0.47996D+00       0.19588D+00
       0.59500D+03       0.12112D-02       0.36216D-01       0.47994D+00       0.19567D+00
       0.59600D+03       0.12090D-02      -0.22902D-01       0.47994D+00       0.19634D+00
       0.59700D+03       0.12084D-02      -0.25944D-01       0.47995D+00       0.19652D+00
       0.59800D+03       0.12083D-02       0.62309D-01       0.47995D+00       0.19619D+00
       0.59900D+03       0.12109D-02       0.55691D-01       0.47994D+00       0.19590D+00
       0.60000D+03       0.12114D-02      -0.34850D-01       0.47994D+00       0.19560D+00
       0.60100D+03       0.12110D-02      -0.27383D-01       0.47996D+00       0.19665D+00
       0.60200D+03       0.12091D-02       0.47109D-01       0.47995D+00       0.19634D+00
       0.60300D+03       0.12124D-02       0.50738D-01       0.47993D+00       0.19614D+00
       0.60400D+03       0.12122D-02      -0.15741D-01       0.47995D+00       0.19589D+00
       0.60500D+03       0.12120D-02      -0.72167D-02       0.47996D+00       0.19558D+00
       0.60600D+03       0.12110D-02       0.11635D-01       0.47995D+00       0.19538D+00
       0.60700D+03       0.12089D-02      -0.38177D-01       0.47993D+00       0.19606D+00
       0.60800D+03       0.12083D-02      -0.35713D-01       0.47995D+00       0.19577D+00
       0.60900D+03       0.12076D-02       0.48364D-01       0.47995D+00       0.19545D+00
       0.61000D+03       0.12112D-02       0.38114D-01       0.47994D+00       0.19517D+00
       0.61100D+03       0.12111D-02      -0.49889D-01       0.47994D+00       0.19552D+00
       0.61200D+03       0.12105D-02      -0.45203D-01       0.47995D+00       0.19654D+00
       0.61300D+03       0.12090D-02       0.34288D-01       0.47995D+00       0.19688D+00
       0.61400D+03       0.12131D-02       0.42322D-01       0.47994D+00       0.19668D+00
       0.61500D+03       0.12125D-02      -0.31832D-01       0.47995D+00       0.19687D+00
       0.61600D+03       0.12120D-02      -0.35494D-01       0.47996D+00       0.19655D+00
       0.61700D+03       0.12103D-02      -0.70844D-02       0.47995D+00       0.19638D+00
       0.61800D+03       0.12083D-02      -0.46687D-01       0.47993D+00       0.19616D+00
       0.61900D+03       0.12078D-02      -0.40321D-01       0.47995D+00       0.19588D+00
       0.62000D+03       0.12068D-02       0.39167D-01       0.47996D+00       0.19557D+00
       0.62100D+03       0.12108D-02       0.28468D-01       0.47994D+00       0.19631D+00
       0.62200D+03       0.12101D-02      -0.55780D-01       0.47994D+00       0.19665D+00
       0.62300D+03       0.12095D-02      -0.55570D-01       0.47995D+00       0.19635D+00
       0.62400D+03       0.12086D-02       0.28316D-01       0.47995D+00       0.19668D+00
       0.62500D+03       0.12125D-02       0.38908D-01       0.47994D+00       0.19642D+00
       0.62600D+03       0.12118D-02      -0.40179D-01       0.47994D+00       0.19660D+00
       0.62700D+03       0.12113D-02      -0.46666D-01       0.47996D+00       0.19679D+00
       0.62800D+03       0.12093D-02      -0.79749D-02       0.47995D+00       0.19660D+00
       0.62900D+03       0.12076D-02      -0.37266D-01       0.47993D+00       0.19638D+00
       0.63000D+03       0.12072D-02      -0.33000D-01       0.47995D+00       0.19610D+00
       0.63100D+03       0.12063D-02       0.41645D-01       0.47996D+00       0.19579D+00
       0.63200D+03       0.12103D-02       0.33300D-01       0.47994D+00       0.19752D+00
       0.63300D+03       0.12092D-02      -0.46595D-01       0.47994D+00       0.19848D+00
       0.63400D+03       0.12086D-02      -0.50935D-01       0.47995D+00       0.19818D+00
       0.63500D+03       0.12082D-02       0.36776D-01       0.47995D+00       0.19851D+00
       0.63600D+03       0.12114D-02       0.47193D-01       0.47994D+00       0.19825D+00
       0.63700D+03       0.12113D-02      -0.36483D-01       0.47994D+00       0.19795D+00
       0.63800D+03       0.12107D-02      -0.39413D-01       0.47996D+00       0.19765D+00
       0.63900D+03       0.12086D-02       0.95301D-02       0.47995D+00       0.19741D+00
       0.64000D+03       0.12077D-02      -0.10116D-01       0.47993D+00       0.19720D+00
       0.64100D+03       0.12075D-02      -0.17201D-01       0.47995D+00       0.19693D+00
       0.64200D+03       0.12070D-02       0.50153D-01       0.47996D+00       0.19662D+00
       0.64300D+03       0.12102D-02       0.46083D-01       0.47994D+00       0.19646D+00
       0.64400D+03       0.12087D-02      -0.28882D-01       0.47994D+00       0.19617D+00
       0.64500D+03       0.12081D-02      -0.36208D-01       0.47995D+00       0.19588D+00
       0.64600D+03       0.12082D-02       0.54182D-01       0.47995D+00       0.19621D+00
       0.64700D+03       0.12107D-02       0.61234D-01       0.47994D+00       0.19658D+00
       0.64800D+03       0.12110D-02      -0.26701D-01       0.47994D+00       0.19629D+00
       0.64900D+03       0.12106D-02      -0.24112D-01       0.47996D+00       0.19601D+00
       0.65000D+03       0.12085D-02       0.34244D-01       0.47995D+00       0.19663D+00
       0.65100D+03       0.12086D-02       0.23085D-01       0.47993D+00       0.19642D+00
       0.65200D+03       0.12087D-02      -0.33263D-02       0.47995D+00       0.19618D+00
       0.65300D+03       0.12087D-02       0.50912D-01       0.47996D+00       0.19589D+00
       0.65400D+03       0.12106D-02       0.52412D-01       0.47994D+00       0.19572D+00
       0.65500D+03       0.12088D-02      -0.16615D-01       0.47994D+00       0.19545D+00
       0.65600D+03       0.12083D-02      -0.24117D-01       0.47995D+00       0.19517D+00
       0.65700D+03       0.12084D-02       0.66938D-01       0.47995D+00       0.19487D+00
       0.65800D+03       0.12105D-02       0.68187D-01       0.47994D+00       0.19461D+00
       0.65900D+03       0.12112D-02      -0.22455D-01       0.47994D+00       0.19435D+00
       0.66000D+03       0.12106D-02      -0.15762D-01       0.47995D+00       0.19409D+00
       0.66100D+03       0.12087D-02       0.50591D-01       0.47995D+00       0.19470D+00
       0.66200D+03       0.12100D-02       0.46632D-01       0.47993D+00       0.19451D+00
       0.66300D+03       0.12103D-02      -0.66482D-03       0.47995D+00       0.19427D+00
