  -9.8925370198729018E-005  -699.70079094968389     
  -1.0098925370198729E-002   0.0000000000000000     
   32910.685615408998       -2195.1127355022163     
 
   3258830.4605682394      -0.12009817650366177     
  -217361.02159738413        1800.4021728756729     
 
   3.0685991841845445E-007   2.0469491316629121E-011
   3.7046936712029364E-005   5.5543392711657192E-004
 
   4051.4244902666956        6259.7666146522370     
 
 
  -3.3260408037839861E-005   784.27462665058806     
  -1.0033260408037840E-002   0.0000000000000000     
   33013.470634008918        27.339262091878481     
 
   3290403.0486003519       0.12063819306784682     
   2724.8632029919340        1805.0588523706674     
 
   3.0391415293993721E-007  -2.0311611563394287E-011
  -4.5877977392641985E-007   5.5399858793136667E-004
 
   4051.0488467129271        6259.8109701337808     
 
 
   9.2637658744443990E-006  -978.51268039434308     
  -9.9907362341255558E-003 -0.70733765191459952     
   32549.756532368319        1146.9282781398124     
 
   3258010.9708753340      -0.24277731292194740     
  -15300.331725200464        1837.5804726111901     
 
   3.0693592790031483E-007   4.0551736876565052E-011
   2.5556548870938579E-006   5.4419419196049233E-004
 
   1744.2225594057916        2699.4491985285331     
 
 
  -1.9719235090809306E-005  -972.05112522640388     
  -1.0019719235090810E-002   0.0000000000000000     
   32623.295494501508       -161.30932243659663     
 
   3255909.1456623878      -0.23986158729975432     
  -16099.185880537874        1838.4148783119606     
 
   3.0713407542866679E-007   4.0072383940781762E-011
   2.6896043047222311E-006   5.4394721068128104E-004
 
   1744.2172245098429        2699.4380272758672     
 
 
  -1.3316122939000669E-004  -473.38799027102380     
  -1.0133161229390007E-002   0.0000000000000000     
   32840.232222152750        360.03581001032944     
 
   3240867.4330478064       -7.6645547500548278E-002
   35530.453119214835        1798.5565099539954     
 
   3.0855922170822636E-007   1.3149261840416121E-011
  -6.0955821519814129E-006   5.5600117497912101E-004
 
   3737.1239380359239        5776.1393455741136     
 
 
  -2.0582003624845975E-004   278.11573912835911     
  -1.0205820036248460E-002   0.0000000000000000     
   32607.660410648368       -612.39420038067510     
 
   3195006.4076021635        3.8114015232563830E-002
  -60004.409073023729        1800.0755933529938     
 
   3.1298829322117756E-007  -6.6270775624625651E-012
   1.0433271608626359E-005   5.5553200434401296E-004
 
   3736.9452295850670        5778.6697233708364     
 
 
  -2.1487005770827114E-004  -337.55713174799951     
  -1.0214870057708271E-002   0.0000000000000000     
   32604.112793649438       -75.456694577173039     
 
   3191828.4431867008       -4.7012377102676195E-002
  -7386.9461041503273        1800.0495864595973     
 
   3.1330006554036504E-007   8.1825417134459612E-012
   1.2857038583727856E-006   5.5554028509338508E-004
 
   3737.0012440548630        5776.0995508523220     
 
 
  -1.9743075485600774E-004   128.74890838631805     
  -1.0197430754856008E-002   0.0000000000000000     
   32605.068255620688       -119.52166102823867     
 
   3197380.6971029621        2.7409255525862528E-002
  -11720.762209767749        1802.9908583668232     
 
   3.1275598341452611E-007  -4.7545491575127489E-012
   2.0331431489365447E-006   5.5463395148818177E-004
 
   3736.9709842394946        5776.0815139733504     
 
 
  -1.7609310226699912E-004  -915.61309980618591     
  -1.0176093102266999E-002   0.0000000000000000     
   32691.464750285453       -49.570319387084965     
 
   3212575.2409834522      -0.15912714158503133     
  -4871.2525415140726        1807.7406104039549     
 
   3.1127679772802015E-007   2.7400273456894542E-011
   8.3878620822051927E-007   5.5317678195556676E-004
 
   1663.2040444977908        2574.2747744476537     
 
 
  -3.5854164755545780E-006  -1018.0124904380662     
  -9.8618768134244508E-006  -8.0505642077923767E-003
   10.171200898783042        4.5136552887579455     
 
   1031364.1229844061        1.8592641332338309E-003
  -1035125.5863970644        1828.6837951063580     
 
   9.6958868093718014E-007  -9.8580271957358902E-013
   5.4883520847336087E-004   5.4684083833762029E-004
 
   1660.6325991978572        2573.9035475050018     
 
 
  -4.2695088884618995E-005  -561.68761608225793     
  -1.0042695088884619E-002   0.0000000000000000     
   32365.088323197393        1816.7974227177701     
 
   3222749.2756421017        3.0326814282604291E-002
   180907.35670434171        1763.7138290799280     
 
   3.1029437281505156E-007  -5.3354686356392981E-012
  -3.1827461950267798E-005   5.6698595244739644E-004
 
   889.97078152880340        1378.6516414558719     
 
 
  -4.4422893985584036E-005  -1008.8174589000553     
  -1.0044422893985584E-002   0.0000000000000000     
   32994.971119435089        1518.9099429738744     
 
   3284904.6149970321      -0.15529633986448033     
   151219.23469423849        1805.4715645728807     
 
   3.0442163702961924E-007   2.6184608461245510E-011
  -2.5497165327484189E-005   5.5386972578552697E-004
 
   2436.1957373952123        3768.1714845257484     
 
 
  -1.9828790610447802E-004  -773.87351527438079     
  -1.0198287906104478E-002   0.0000000000000000     
   32654.322613562810        2831.0366115563529     
 
   3201941.6312042559      -0.13007460028150711     
   277599.20465294737        1794.1085693287878     
 
   3.1230853950223089E-007   2.2642670089610013E-011
  -4.8322940793141547E-005   5.5737636590572092E-004
 
   2241.6707401341987        3463.9994721033345     
 
 
   1.4046390748898713E-005   572.16643175715558     
  -9.9859536092511015E-003  -2.6452816442770200E-003
   33122.949417753975       -1335.7343263094717     
 
   3316954.0343142143       0.11608365126370777     
  -134239.70960288864        1805.9272874568362     
 
   3.0148063199865352E-007  -1.9378948859551123E-011
   2.2409912498407759E-005   5.5373070971409955E-004
 
   2241.8595167782637        3463.8803283474049     
 
 
  -3.8439916542011912E-005   579.06405557254072     
  -1.0038439916542012E-002   0.0000000000000000     
   33278.568977795359       -1249.2823197973812     
 
   3315113.6286582449       0.11684903017976074     
  -124449.84780340934        1806.0365821583532     
 
   3.0164805288896471E-007  -1.9516372361386764E-011
   2.0785877009956887E-005   5.5369729554168587E-004
 
   2241.8529814595950        3463.8840523301110     
 
 
  -1.6958501181871775E-004   552.68751922092531     
  -1.0169585011818718E-002   0.0000000000000000     
   32782.788918384889       -641.19006278404049     
 
   3223611.2762011369        9.9473299064451626E-002
  -63049.776567965571        1805.6755554221916     
 
   3.1021076576683364E-007  -1.7089276189997404E-011
   1.0831801655532335E-005   5.5380875015010168E-004
 
   2241.6479927644209        3463.8777192939206     
 
 
  -2.1456576466083802E-004   1036.5472817852135     
  -1.0214565764660838E-002   0.0000000000000000     
   32523.602092034285        2101.8225445507724     
 
   3184041.5776219922       0.16043899008725129     
   205767.19490340631        1812.2008569885713     
 
   3.1406804749146732E-007  -2.7805284477096827E-011
  -3.5661003520602893E-005   5.5181836911673905E-004
 
   2423.8394752915137        3746.7191999728948     
 
 
  -8.4101101530223085E-005   655.35924273636886     
  -1.0084101101530223E-002   0.0000000000000000     
   33162.685595954346       -2371.2711593786862     
 
   3288610.9790115096       0.13094753811649412     
  -235149.48288438789        1805.0524451513973     
 
   3.0407817134250279E-007  -2.2059352369081155E-011
   3.9613156359909810E-005   5.5399765000779463E-004
 
   3988.6564976852537        6165.5813374815243     
 
 
   1.1406097720302079E-004   466.48511760757225     
  -9.8859390227969794E-003 -0.15978271635998453     
   33135.608118050164        1603.0731875883575     
 
   3351790.4416341456        7.6321529125618348E-002
   133046.66069571066        1801.0834921309674     
 
   2.9834850939274367E-007  -1.2642620149864399E-011
  -2.2039107610321157E-005   5.5522227949312490E-004
 
   306.21307658240397        475.82606021092801     
 
 
   8.4063973000574749E-005   440.40505881230911     
  -9.9159360269994255E-003  -5.8929169312762042E-002
   33357.999756380530        250.25434855820458     
 
   3364079.3370430404        7.2298848787355124E-002
   14533.412393283115        1801.1786395479728     
 
   2.9725820149346974E-007  -1.1931867993932595E-011
  -2.3985272391829174E-006   5.5519211223919475E-004
 
   306.12885581402929        475.83455983324751     
 
 
   1.1441771120277756E-004   422.76753080318548     
  -9.8855822887972226E-003  -5.3250273770004242E-002
   33307.942786029751        147.61412416880739     
 
   3369345.1836413410        6.9742001768789030E-002
   5229.4670094885360        1801.2639359224825     
 
   2.9679359210473690E-007  -1.1491363821112217E-011
  -8.6165734381644351E-007   5.5516575897111787E-004
 
   306.12564546143597        475.83994926826733     
 
 
   1.0417232898592317E-004   396.00519849323643     
  -9.8958276710140770E-003  -8.6149974289924103E-002
   33388.644996329298        15.547664157400504     
 
   3374011.7994892285        6.5799390332036384E-002
  -14111.082191750278        1801.3760660701892     
 
   2.9638303202846676E-007  -1.0826069680595864E-011
   2.3217169384945579E-006   5.5513108343556547E-004
 
   306.11217044154137        475.84761164828330     
 
 
  -6.2671544134794829E-006   378.03848350005569     
  -2.7665077072667208E-005   3.8183690156529337E-002
   49.642235587523885       -37.447240850879098     
 
   1794404.7172167983        2.8602221526149779E-003
   1132350.9674790034        1801.1307277426718     
 
   5.5728843806293628E-007  -8.8498225664136338E-013
  -3.5036107723080637E-004   5.5520734098173975E-004
 
   306.12073604379697        475.85244033650503     
 
 
  -4.5171327441556608E-005   1226.7316787278116     
  -1.0045171327441557E-002   0.0000000000000000     
   32785.543431071645        901.20745057733802     
 
   3263811.2743291478       0.28520740210504608     
   89715.488287915839        1835.8908489968826     
 
   3.0639157299420907E-007  -4.7598224376086168E-011
  -1.4972605584638842E-005   5.4469701771449894E-004
 
   2575.1843557200818        3979.4830352506283     
 
 
   5.6003652387771191E-005  -246.41992907856064     
  -9.9439963476122290E-003  0.14380348778192342     
   33347.942431985502       -900.78168983341857     
 
   3353575.0354531296       -3.1487386698429064E-002
  -64533.150530316620        1801.5159482980871     
 
   2.9818934294427926E-007   5.2118345993589955E-012
   1.0681613877989012E-005   5.5508825069287815E-004
 
   475.93424215601112        736.85399023132652     
 
 
  -8.0200034443704715E-006  -237.61954701944296     
  -1.6669520305708358E-005   4.0793804350016671E-003
   26.712955829064782       -5.8159183521856903     
 
   1602502.7223944354       -1.0193111141031468E-003
   91907.489093225478        1801.2470827248808     
 
   6.2402388062749661E-007   3.5313005255622418E-013
  -3.1840422423292709E-005   5.5517090194640538E-004
 
   475.92356558236662        736.85246488193570     
 
 
   5.7127148126870508E-006   747.42080069021722     
  -9.2641647029051617E-006   8.3765104434405657E-003
   14.574155258332745       -7.4341059713751747     
 
   1573172.6070281286       -2.9989487427347578E-003
   834658.96476123983        1810.6017051000085     
 
   6.3565759838179241E-007   1.0528569315423115E-012
  -2.9302817484017421E-004   5.5230209847189368E-004
 
   378.30011464029820        737.09342932042227     
 
 
   1.7296073081238435E-004   752.54287943428960     
  -9.8270392691876159E-003  0.42693238889489749     
   32317.063408554608        1069.0276123555341     
 
   3288581.8192843557       -9.5402719158230551E-002
   187442.60794735770        1810.5402091019157     
 
   3.0408153166554714E-007   1.6022955370365812E-011
  -3.1481120959080980E-005   5.5231968425130309E-004
 
   378.29520602925669        737.09871327551582     
 
 
   1.4526734028109944E-005   1559.4665660215928     
  -9.9854732659718903E-003  0.27955915675806864     
   33245.543740301946       -457.81216289678036     
 
   3329399.5154389548       0.30803088156061076     
   4999.0473345101273        1816.1809553973762     
 
   3.0035453841463270E-007  -5.0941219801716723E-011
  -8.2672739751373906E-007   5.5060606801637295E-004
 
   3567.7390422087865        5512.2716128050370     
 
 
  -3.1376959388375661E-005   1558.5779259288449     
  -1.0031376959388376E-002   0.0000000000000000     
   33349.285766443420        203.69998503076590     
 
   3324497.3149206392       0.30763312313909313     
   20306.283559611609        1816.7893166378155     
 
   3.0079766639628076E-007  -5.0933437740423576E-011
  -3.3620203795650143E-006   5.5042212385938624E-004
 
   3567.7383129981235        5512.2822472510034     
 
 
  -4.1016318916861291E-005  -773.22066787126460     
  -1.0041016318916861E-002   0.0000000000000000     
   32580.208401116859       -847.72936839136764     
 
   3244712.2249704036      -0.14637017280211190     
  -84426.649799812090        1816.7046469200409     
 
   3.0819438737786504E-007   2.4830929900255040E-011
   1.4322537049449104E-005   5.5044836159118184E-004
 
   1977.1996149450674        3057.7981450009938     
 
 
  -1.1281362413939600E-006   1373.0743983103841     
  -3.2980504645708575E-005 -0.25704691736927998     
   85.564003302068514        456.21501947383649     
 
   2594269.0307854740        1.4400017196079428E-002
  -299639.06909949996        1813.2770155531457     
 
   3.8546468037648163E-007  -3.0611417771759154E-012
   6.3696984524734369E-005   5.5148721027452872E-004
 
   708.88457809188753        1095.1717139124062     
 
 
  -5.9849440543387200E-006  -980.85435204076089     
  -1.0005984944054339E-002   0.0000000000000000     
   32409.936933578814        1657.6715270951281     
 
   3239055.1369795073      -0.13269238396414187     
   165668.00133756141        1803.9373348843594     
 
   3.0873084757705257E-007   2.2709343266015030E-011
  -2.8352882043222616E-005   5.5434089557916579E-004
 
   720.75105050025570        1094.7426284076496     
 
 
   4.7659762817325174E-005  -224.29889927976993     
  -9.9523402371826750E-003 -0.34951750154274919     
   33261.886911191468       -166.53133483971396     
 
   3342118.5001825113       -3.8669329822223618E-002
  -80038.464360696002        1802.5955546106316     
 
   2.9921156706079342E-007   6.4186948335160166E-012
   1.3285528351187063E-005   5.5475589695353606E-004
 
   2687.3440023962730        4157.7919153139273     
 
 
   7.7753039957918768E-005  -233.66591827607306     
  -9.9222469600420814E-003 -0.31855459708663147     
   33195.112115391392       -182.87492598237259     
 
   3345524.9607852185       -4.0044955448652393E-002
  -76304.065224585531        1802.6198914811921     
 
   2.9890690351858196E-007   6.6401761631848396E-012
   1.2652590804054566E-005   5.5474840336458629E-004
 
   2687.3531204891847        4157.7905316611323     
 
 
   7.6160618016454448E-005  -251.95870689202135     
  -9.9238393819835458E-003 -0.27570255382633491     
   33299.448327985941       -61.428727216100015     
 
   3355501.7067144499       -4.2275342611494758E-002
  -56271.423911427730        1802.6668182025342     
 
   2.9801814473208397E-007   6.9889893383367159E-012
   9.3028313308822314E-006   5.5473389934447071E-004
 
   2687.3839063280766        4157.7875940811973     
 
 
   7.8383435223101927E-005  -270.10657763705836     
  -9.9216165647768983E-003 -0.23758590484806064     
   33322.479922543069        29.295002211189058     
 
   3358574.7156362059       -4.4658179436006355E-002
  -40215.756370249968        1802.7177035319016     
 
   2.9774543706712868E-007   7.3759574939242087E-012
   6.6422257539189599E-006   5.5471818725166973E-004
 
   2687.4031730912261        4157.7844290478633     
 
 
   7.9673193232822695E-005  -288.13342635114424     
  -9.9203268067671775E-003 -0.21936512482858461     
   33307.784293372628        89.265945801244015     
 
   3357529.9799541947       -4.7278670405392603E-002
  -30865.896462037101        1802.7739194983117     
 
   2.9783806758616131E-007   7.8109560379616716E-012
   5.0993853733617170E-006   5.5470085864701621E-004
 
   2687.4124367875224        4157.7810380379178     
 
 
   7.5813213171235100E-005  -306.04679779755145     
  -9.9241867868287651E-003 -0.21628536139991184     
   33291.279755417323        136.98409994339636     
 
   3354561.0628284016       -5.0026106653768707E-002
  -25487.505537609206        1802.8352131884210     
 
   2.9810165684891196E-007   8.2718959392936107E-012
   4.2143993938690842E-006   5.5468198286488639E-004
 
   2687.4167623416442        4157.7774221929540     
 
 
   5.9710236962395163E-005  -323.85127569043050     
  -9.9402897630376050E-003 -0.23705745475410822     
   33300.325458529383        179.27987914406913     
 
   3350036.9503879594       -5.2920545286170954E-002
  -24960.191145478038        1802.9022209582238     
 
   2.9850423547867970E-007   8.7619876042791500E-012
   4.1326272099895962E-006   5.5466137157976080E-004
 
   2687.4165091961590        4157.7735824818492     
 
 
   8.7562200270314207E-006  -332.60656933998717     
  -9.2616404374262017E-005  0.17905443191284576     
   261.94059488401183       -294.99342839401288     
 
   2828219.6569771995       -5.9170508296608262E-003
   300729.62579440151        1803.0602290876559     
 
   3.5357920258675601E-007   1.1603306868320191E-012
  -5.8972928118103751E-005   5.5461244994582583E-004
 
   2687.4256884863439        4157.7715765442617     
 
 
   4.4366494971796733E-005  -341.54164429976476     
  -9.9556335050282035E-003 -0.24716141193698604     
   33306.625206899174        240.95440341907488     
 
   3345506.7375329840       -5.5674474801777292E-002
  -20558.303752156167        1802.9729542660648     
 
   2.9890843695984795E-007   9.2300720330738212E-012
   3.4082876432299227E-006   5.5463959533530221E-004
 
   2687.4192673436673        4157.7695193559048     
 
 
   7.7403260338726465E-005  -350.40739003370572     
  -9.9225967396612737E-003 -0.18349742367382760     
   33183.183505816007        251.84509722143230     
 
   3344204.6256732838       -5.6729133643275337E-002
  -7961.8425167839405        1803.0076019389674     
 
   2.9902478671049387E-007   9.4084002029214584E-012
   1.3204538116442452E-006   5.5462887335183360E-004
 
   2687.4282549358036        4157.7674018788830     
 
 
   3.6650543046785541E-005  -367.90021140934022     
  -9.9633494569532147E-003 -0.25877745901863136     
   33245.738068005383        277.08217967376549     
 
   3336804.9296588753       -5.9958352781154259E-002
  -19021.412655346536        1803.0904348988063     
 
   2.9968793820415092E-007   9.9655540151039007E-012
   3.1615097224621857E-006   5.5460345759919560E-004
 
   2687.4192417776035        4157.7630049505569     
 
 
   5.2562953238046578E-005  -376.67221774565792     
  -9.9474370467619536E-003 -0.20223281738020660     
   33173.097240000367        303.95175561577344     
 
   3334839.8607756076       -6.0999483408908775E-002
  -6102.0866940912047        1803.1291042818459     
 
   2.9986449234451326E-007   1.0144353547537683E-011
   1.0147909677796724E-006   5.5459149293694474E-004
 
   2687.4278444549436        4157.7607207386118     
 
 
   6.4398672045074337E-005  -385.36720750330380     
  -9.9356013279549259E-003 -0.15340897494075989     
   33109.779840350144        350.25939669082618     
 
   3332439.4026258737       -6.2015333893859742E-002
   7411.4392972143605        1803.1688867889031     
 
   3.0008045239242139E-007   1.0320491655818547E-011
  -1.2333997516714148E-006   5.5457918048436945E-004
 
   2687.4363714894375        4157.7583807843930     
 
 
  -3.4267489712057868E-005  -393.83264608445631     
  -4.1744670734605348E-005   4.2568613911271314E-002
   31.642357922595068       -17.911414737052837     
 
   757995.62196891382       -1.8855495397334270E-003
   1410259.8158951565        1803.7290704812251     
 
   1.3192662676575880E-006   1.3791106128283106E-012
  -1.0314787482174953E-003   5.5440590910303786E-004
 
   2687.4448150995308        4157.7559854206511     
 
 
  -2.7556998527749829E-005  -639.57919682678198     
  -1.0027556998527750E-002   0.0000000000000000     
   32930.853963958805       -741.65685752554964     
 
   3284035.5800314797      -0.11771486336885642     
  -73961.869040918275        1805.3397510900588     
 
   3.0450384721083469E-007   1.9854782872903375E-011
   1.2475033387075771E-005   5.5391317223976960E-004
 
   2718.4614958191637        4157.6732000497741     
 
 
  -6.2165931957311113E-005   324.22967274629809     
  -1.0062165931957311E-002   0.0000000000000000     
   33080.042802969758       -2002.5449981110887     
 
   3287566.8148055444        6.9253675185443703E-002
  -199017.29027853539        1804.0660615693946     
 
   3.0417562060179082E-007  -1.1676556683385557E-011
   3.3555427415057374E-005   5.5430213863311097E-004
 
   2103.5297316793808        3262.7934585342568     
 
 
  -2.1584447745351398E-004   1508.0728526077626     
  -1.0215844477453514E-002   0.0000000000000000     
   32744.067325227708       -283.33010475695573     
 
   3205223.7480214424       0.24135172765637974     
  -27734.379216729863        1792.3510865854937     
 
   3.1199033622961902E-007  -4.2011527331155847E-011
   4.8276581311038659E-006   5.5792575590835308E-004
 
   2323.0887449342272        3592.1417767946919     
 
 
  -3.3976752931789631E-005   32.686777801591674     
  -1.0033976752931790E-002   0.0000000000000000     
   32959.812064874619        1155.6069855832666     
 
   3284820.4531911253        7.4974236333155767E-003
   115169.39036614943        1800.5129886618829     
 
   3.0443068662234934E-007  -1.2676641817980850E-012
  -1.9472837356814176E-005   5.5539735191763198E-004
 
   2322.5544152951393        3588.5182001054786     
 
 
  -4.8682556808066213E-005   1413.8783637996232     
  -1.0048682556808066E-002   0.0000000000000000     
   32616.738924413534       -1777.4222079810734     
 
   3245872.1568744779       0.19319773724864375     
  -176881.11828916275        1800.5450756330440     
 
   3.0808180498243706E-007  -3.3057049454403801E-011
   3.0265198537547306E-005   5.5538412582120027E-004
 
   2323.4041119012541        3592.3541028569102     
 
 
  -8.1733208493946566E-005  -753.11369136284952     
  -1.0081733208493947E-002   0.0000000000000000     
   32656.284511442562        4075.9799895547167     
 
   3239153.8077926286      -0.14109725033207882     
   404293.57782653772        1802.4442718013861     
 
   3.0871958814460183E-007   2.4166896970035716E-011
  -6.9246716133629008E-005   5.5479675301104087E-004
 
   2643.9826229137398        4085.6442576878312     
 
 
  -8.4045953121695757E-005  -784.76601413814365     
  -1.0084045953121696E-002   0.0000000000000000     
   32854.115685474884        1020.9878305895581     
 
   3258029.1520095966      -0.13897802210321095     
   101247.83597138616        1808.2479557899080     
 
   3.0693329153412906E-007   2.3590228120239942E-011
  -1.7185879544838131E-005   5.5302018085435503E-004
 
   2655.8302540846653        4107.3197155444959     
 
 
  -5.4983252328107829E-005  -750.30776500094350     
  -1.0054983252328108E-002   0.0000000000000000     
   32966.656471899158        1217.8046098629165     
 
   3278638.6257049348      -0.12902377309220681     
   121114.53388855798        1812.1463471581380     
 
   3.0500383971106377E-007   2.1716097195376221E-011
  -2.0384886650439114E-005   5.5183035930471945E-004
 
   2536.5061462091467        3924.9757646506105     
 
 
   2.1491737129147870E-005   875.92535433468720     
  -9.9785082628708523E-003  0.25448283284981699     
   33330.744769801880       -693.30002413281727     
 
   3340257.7200571960       0.17482478682151179     
  -23337.185071141506        1809.2761893293184     
 
   2.9937789497441072E-007  -2.8927964108882538E-011
   3.8615648525261739E-006   5.5270683978516191E-004
 
   2838.8571052255220        4387.5562240204999     
 
 
  -6.6005151988859923E-007   881.22106317940916     
  -1.0000660051519889E-002   0.0000000000000000     
   33381.331729743164       -105.67565101528453     
 
   3337912.8535290938       0.17526217610032427     
  -10566.867633825525        1809.4962014812090     
 
   2.9958831678960351E-007  -2.9017192902532034E-011
   1.7494980567325625E-006   5.5263984116716485E-004
 
   2838.8522802254524        4387.5620927131649     
 
 
  -1.8592573850224024E-004   47.670047720548851     
  -1.0185925738502240E-002   0.0000000000000000     
   32233.004318653067       -278.73011814833808     
 
   3164464.8847982548        5.1194737727182629E-003
  -27364.240158825240        1802.2098059489367     
 
   3.1600918696859795E-007  -8.9767614141457920E-013
   4.7981934489867231E-006   5.5487433934432165E-004
 
   111.31394153787920        174.42646663058738     
 
 
  -2.1260098491677690E-004  -1039.3647801582090     
  -1.0212600984916777E-002   0.0000000000000000     
   32567.307573971950        1247.0681912161390     
 
   3188933.7125842227      -0.14069928669177997     
   122110.73291298829        1790.6819330732553     
 
   3.1358349888012098E-007   2.4639202415485955E-011
  -2.1383982364725365E-005   5.5844478732897649E-004
 
   111.49411213650319        171.61903989558459     
 
 
  -2.0753502534445745E-004   1358.6752306091437     
  -1.0207535025344458E-002   0.0000000000000000     
   32745.809492181535       -368.44557793674721     
 
   3208003.6375948186       0.22203787525825561     
  -36095.450764729394        1792.0340312097967     
 
   3.1171991021719659E-007  -3.8622942050712405E-011
   6.2787148433976543E-006   5.5802433908713268E-004
 
   17.122392884161854        29.548818466859316     
 
 
  -5.3361641501889837E-005  -126.00793361114091     
  -1.0053361641501890E-002   0.0000000000000000     
   32796.297220124907       -1489.8286161157976     
 
   3262221.9700857601       -1.0067667281619390E-002
  -148192.08432386938        1801.6190599954002     
 
   3.0653961104427929E-007   1.7129807744366915E-012
   2.5214400145497984E-005   5.5505643565557331E-004
 
   243.55856491889983        385.06697645360111     
 
 
  -4.0582182996171112E-005   873.45139750749365     
  -1.0040582182996171E-002   0.0000000000000000     
   33008.950297386044       -95.852074909422299     
 
   3287553.4202874252       0.15275843046686075     
  -9546.4658485391701        1796.9255297278871     
 
   3.0417749167888380E-007  -2.5858431773324121E-011
   1.6159935334918996E-006   5.5650595230554529E-004
 
   569.64210373045046        884.10567511721206     
 
 
  -2.2937042591263992E-005  -517.24499374371374     
  -2.8696326041700661E-005   5.7952862316597020E-002
   11.050071013295650       -12.270659276193328     
 
   385064.76235658908       -2.1922220216058479E-003
   3214962.6697538160        1803.6775420744009     
 
   2.5969393986584377E-006   3.1563667039770896E-012
  -4.6289112258378409E-003   5.5441719989970657E-004
 
   569.96540024252624        884.31543040314659     
 
 
   6.1591796434532636E-005  -350.08451667484843     
  -9.9384082035654676E-003  0.38915305506765208     
   33269.353411685130       -406.87799161490511     
 
   3347551.7152789389       -4.6209831934237500E-002
   29596.187945258618        1801.3914565375096     
 
   2.9872571307566740E-007   7.6630012569255275E-012
  -4.9079517481794814E-006   5.5512629949211261E-004
 
   972.20666883486479        1503.3841021617729     
 
 
   9.3676484421023262E-005  -332.29897971554249     
  -9.9063235155789769E-003  -1.5828388451211595E-002
   33493.630813956734       -989.94604588950278     
 
   3381035.5058488692       -4.5781122135108640E-002
  -102809.07377272914        1801.4404516302413     
 
   2.9576760463979268E-007   7.5165253557890973E-012
   1.6879599576815326E-005   5.5511175618491509E-004
 
   972.32894259166540        1503.3798352001293     
 
 
   1.2380567137764727E-004  -314.49176257124367     
   1.2092219962496882E-004 -0.10416112967863000     
   63.621575397450130       -34.856599776196163     
 
  -526137.08858068986       -7.5515697846313928E-004
   1839427.4650601912        1800.7774678342253     
 
  -1.9006481158566595E-006  -7.9703778724984717E-013
   1.9414416318338152E-003   5.5531651409204219E-004
 
   972.37269978195275        1503.3757906014632     
 
 
   1.0964131320893682E-004  -457.15652128407334     
  -9.8903586867910634E-003 -0.14701764765476355     
   33373.587880333631       -884.86793345580008     
 
   3374356.7112335470       -7.0270113596405129E-002
  -116244.49293181238        1801.3605932935259     
 
   2.9635318060018984E-007   1.1560579121671715E-011
   1.9124113925803783E-005   5.5513668255909889E-004
 
   1563.0446255036188        2414.4202926699732     
 
 
   1.2374415462910147E-004  -439.20821187126302     
  -9.8762558453708987E-003 -0.14671121224517947     
   33275.205133026131       -692.08024357519389     
 
   3369213.5690660765       -6.8657095138707561E-002
  -96835.547528859897        1801.4464927513341     
 
   2.9680549329863966E-007   1.1311911329640929E-011
   1.5954580149228161E-005   5.5511007372072098E-004
 
   1563.0571805931188        2414.4147278395330     
 
 
   6.8914245291984422E-005  -411.87098622974281     
  -9.9310857547080158E-003  -6.8168748980838245E-002
   33292.597373930163       -412.57589307790477     
 
   3352362.7463345109       -6.6611261098004124E-002
  -53910.160788585788        1801.5665330483710     
 
   2.9829725189581511E-007   1.1029265789716879E-011
   8.9262608499315941E-006   5.5507280816180808E-004
 
   1563.0881484637175        2414.4068009870839     
 
 
   5.8048992645655605E-006  -402.64199474750262     
  -4.3307314535732672E-006   6.2528346880981189E-003
   4.6401923565040875       -3.6896266509684210     
 
   1071453.9453563858       -2.0877401473923100E-003
   1748374.7324740835        1801.0020509449014     
 
   9.3330946492276950E-007   1.0819019549912286E-012
  -9.0603710595096865E-004   5.5524540236103934E-004
 
   1563.0801440197008        2414.4042761008936     
 
 
  -4.8817673330668609E-007  -393.37493626399549     
  -1.0000488176733307E-002   0.0000000000000000     
   33268.328503688586       -73.992792167686275     
 
   3326670.4500575494       -6.5963680439042452E-002
  -7398.9180188036635        1801.6458144281919     
 
   3.0060088501236468E-007   1.1005903912885469E-011
   1.2344941979021589E-006   5.5504809736932770E-004
 
   1563.1273796321259        2414.4018020542721     
 
 
   1.5542787161067564E-005   621.47582036577785     
  -9.9844572128389326E-003 -0.38908931420462523     
   33254.599625780487       -1755.5293253114505     
 
   3330632.3857797906       0.11071562477042683     
  -246138.36822544754        1804.2867152717313     
 
   3.0024192087742822E-007  -1.8423608382668413E-011
   4.0958599235994690E-005   5.5423312535585201E-004
 
   1563.0771639662255        2414.4832058543120     
 
 
  -6.7411968199312250E-006   629.08608380702640     
  -1.0006741196819931E-002   0.0000000000000000     
   33298.909158475311       -2414.6070190940554     
 
   3327647.6830496485       0.11180940698236322     
  -241298.03815265271        1804.3744580450116     
 
   3.0051123254000892E-007  -1.8621402310384107E-011
   4.0187207556299201E-005   5.5420619718571146E-004
 
   1563.0710134059918        2414.4870778381878     
 
 
  -2.2895564165906906E-004  -111.74003479877459     
  -1.0228955641659069E-002   0.0000000000000000     
   32450.842009478856        1017.5664746359216     
 
   3172449.1870233137       -1.1833257412910034E-002
   99479.019196420239        1801.5972819661113     
 
   3.1521380961126861E-007   2.0703884195271109E-012
  -1.7405199780871994E-005   5.5506289005302850E-004
 
   3460.4103961189539        5348.8193136281052     
 
 
  -2.2586999362819021E-004   1402.5675147941890     
  -1.0225869993628190E-002   0.0000000000000000     
   32768.750917950922       -588.93699362279676     
 
   3204495.1616213932       0.21522840745946409     
  -57592.849702733001        1792.0466629632197     
 
   3.1206096156595056E-007  -3.7479148939709871E-011
   1.0029024594616262E-005   5.5801997913127572E-004
 
   2819.5222206645094        4358.6708647002397     
 
 
  -1.7167006028494074E-004   38.641248812293853     
  -1.0171670060284941E-002   0.0000000000000000     
   32557.098585591779       -2384.1212490197759     
 
   3200762.3519671806       -1.7472830428355429E-003
  -234388.37820040196        1802.1745321655508     
 
   3.1242559147944510E-007   3.0290958416992664E-013
   4.0633649176683359E-005   5.5488525287107127E-004
 
   444.45916525514446        689.62898770952199     
 
 
  -2.3614281389254012E-004   473.93548418814817     
  -1.0236142813892540E-002   0.0000000000000000     
   32373.832232289667        921.68928058566780     
 
   3162698.3738788548        7.3644177231930771E-002
   90042.635916992658        1805.1412958959108     
 
   3.1618606749106243E-007  -1.2899412830186405E-011
  -1.5771744307136539E-005   5.5397389875833612E-004
 
   2624.7661957799050        4067.0649731504659     
 
 
  -2.5994480314030233E-004  -333.67568134791401     
  -1.0259944803140303E-002   0.0000000000000000     
   32373.011998897939        123.79553630369628     
 
   3155281.3021946670       -6.4801912138228876E-002
   12065.906657298057        1801.5766800973895     
 
   3.1692890955732564E-007   1.1399791958945807E-011
  -2.1226044286448193E-006   5.5506927542885176E-004
 
   2179.2511409762278        3369.4799795356184     
 
 
  -7.7393978700017116E-005  -656.75784457387681     
  -1.0077393978700017E-002   0.0000000000000000     
   32980.218044410292       -1986.4471679940489     
 
   3272693.1301999898      -0.11035941464441031     
  -197119.13339824646        1799.5035133314507     
 
   3.0555987197322307E-007   1.8739284674891716E-011
   3.3471286228907070E-005   5.5571088717700379E-004
 
   4001.2663507697416        6184.4253902934088     
 
 
  -1.0442619671781686E-004   283.35664156262027     
  -1.0104426196717817E-002   0.0000000000000000     
   32866.821013528890       -253.38026643380545     
 
   3252715.2332712268        7.0044941057635049E-002
  -25076.165781299977        1789.1600947938341     
 
   3.0743536598441229E-007  -1.2035978307403523E-011
   4.3088934449703905E-006   5.5892130675932778E-004
 
   594.43299251448468        918.10238382784871     
 
 
   3.0117556918743404E-005  -736.26305143272828     
  -9.9698824430812568E-003  0.78841645634861379     
   33053.842196654281        1110.1350736000513     
 
   3315360.9417574494      -0.10571944392265768     
   253985.51835216815        1803.7049774457896     
 
   3.0162492934216236E-007   1.7678955373522390E-011
  -4.2472779631284054E-005   5.5441190344633867E-004
 
   651.91213895851899        1009.8979805909669     
 
 
   3.4937753659073159E-005  -743.42195541387969     
  -9.9650622463409270E-003  0.86821455926155977     
   32971.835191215716        1217.2727248931405     
 
   3308734.2913987609      -0.10598857544873180     
   279310.53374836367        1803.7869939662037     
 
   3.0222887417213008E-007   1.7758642201174590E-011
  -4.6799155577438617E-005   5.5438643430140205E-004
 
   651.92064904645395        1009.8934108338548     
 
 
   2.7466774404795793E-005  -750.42897515715208     
  -9.9725332255952044E-003  0.94381284827386480     
   32932.254388381691        1317.3065049299166     
 
   3302285.7244821875      -0.10625048655456330     
   302814.20948593656        1803.8727311932234     
 
   3.0281892068289046E-007   1.7836434413641795E-011
  -5.0833892268728852E-005   5.5435984012726760E-004
 
   651.92901023195134        1009.8887919647141     
 
 
   8.1420731831791798E-006  -757.28548345903164     
  -9.9918579268168210E-003   1.0218016899112854     
   32934.226739909900        1396.6822534021085     
 
   3296095.4964977768      -0.10650372223841613     
   324261.41201131296        1803.9622803167433     
 
   3.0338750591820438E-007   1.7911626542016657E-011
  -5.4533768321560638E-005   5.5433209599876172E-004
 
   651.93721372769312        1009.8841245484442     
 
 
  -2.2541977013148390E-005  -763.99352033430728     
  -1.0022541977013149E-002   0.0000000000000000     
   32976.493955574246        3441.8508044637638     
 
   3290232.5608818932      -0.10658307367642415     
   343410.96424017119        1804.0531774461788     
 
   3.0392800971010989E-007   1.7956001439557351E-011
  -5.7854287323112309E-005   5.5430396742951055E-004
 
   651.94525224588028        1009.8794091341803     
 
 
