       0.10000D+01       0.00000D+00       0.49165D-01       0.52231D+00       0.47773D+00
       0.20000D+01       0.15031D-01       0.37085D-01       0.52646D+00       0.28549D+00
       0.30000D+01       0.57745D-01       0.99322D-01       0.51818D+00       0.21824D+00
       0.40000D+01       0.31197D-01       0.99530D-01       0.52168D+00       0.16562D+00
       0.50000D+01       0.46579D-01       0.31337D-01       0.51784D+00       0.14138D+00
       0.60000D+01       0.45366D-01       0.44666D-01       0.51998D+00       0.11774D+00
       0.70000D+01       0.52399D-01      -0.11278D-02       0.52044D+00       0.17587D+00
       0.80000D+01       0.60048D-01       0.51487D-01       0.52056D+00       0.21355D+00
       0.90000D+01       0.56419D-01       0.40578D-01       0.52171D+00       0.19486D+00
       0.10000D+02       0.57097D-01       0.95850D-01       0.51959D+00       0.17823D+00
       0.11000D+02       0.46831D-01       0.96606D-01       0.52073D+00       0.16267D+00
       0.12000D+02       0.53878D-01       0.23629D-01       0.51932D+00       0.15305D+00
       0.13000D+02       0.53249D-01       0.38291D-01       0.52017D+00       0.14124D+00
       0.14000D+02       0.56355D-01      -0.42319D-02       0.52044D+00       0.16879D+00
       0.15000D+02       0.60565D-01       0.51894D-01       0.52044D+00       0.19198D+00
       0.16000D+02       0.58277D-01       0.42082D-01       0.52111D+00       0.18305D+00
       0.17000D+02       0.56709D-01       0.89641D-01       0.51984D+00       0.17329D+00
       0.18000D+02       0.50553D-01       0.91232D-01       0.52053D+00       0.16473D+00
       0.19000D+02       0.55702D-01       0.14694D-01       0.51971D+00       0.15865D+00
       0.20000D+02       0.55460D-01       0.30785D-01       0.52023D+00       0.15060D+00
       0.21000D+02       0.57316D-01      -0.85942D-02       0.52044D+00       0.18955D+00
       0.22000D+02       0.60391D-01       0.51086D-01       0.52039D+00       0.20451D+00
       0.23000D+02       0.58554D-01       0.42291D-01       0.52087D+00       0.19830D+00
       0.24000D+02       0.56322D-01       0.81692D-01       0.51995D+00       0.19056D+00
       0.25000D+02       0.52094D-01       0.84337D-01       0.52044D+00       0.18353D+00
       0.26000D+02       0.56283D-01       0.54394D-02       0.51990D+00       0.17846D+00
       0.27000D+02       0.56259D-01       0.23065D-01       0.52026D+00       0.17175D+00
       0.28000D+02       0.57506D-01      -0.13323D-01       0.52045D+00       0.20023D+00
       0.29000D+02       0.60205D-01       0.49929D-01       0.52037D+00       0.21127D+00
       0.30000D+02       0.58561D-01       0.42052D-01       0.52074D+00       0.20623D+00
       0.31000D+02       0.56101D-01       0.73115D-01       0.52002D+00       0.20000D+00
       0.32000D+02       0.53014D-01       0.76807D-01       0.52040D+00       0.19445D+00
       0.33000D+02       0.56535D-01      -0.32923D-02       0.52002D+00       0.19061D+00
       0.34000D+02       0.56645D-01       0.15979D-01       0.52029D+00       0.18492D+00
       0.35000D+02       0.57533D-01      -0.17586D-01       0.52046D+00       0.20735D+00
       0.36000D+02       0.59901D-01       0.49208D-01       0.52036D+00       0.21607D+00
       0.37000D+02       0.58399D-01       0.42119D-01       0.52066D+00       0.21095D+00
       0.38000D+02       0.55941D-01       0.64845D-01       0.52006D+00       0.20576D+00
       0.39000D+02       0.53593D-01       0.69374D-01       0.52037D+00       0.20094D+00
       0.40000D+02       0.56588D-01      -0.10830D-01       0.52010D+00       0.19764D+00
       0.41000D+02       0.56772D-01       0.10209D-01       0.52031D+00       0.19274D+00
       0.42000D+02       0.57392D-01      -0.20715D-01       0.52046D+00       0.21084D+00
       0.43000D+02       0.59548D-01       0.49509D-01       0.52035D+00       0.21791D+00
       0.44000D+02       0.58142D-01       0.43054D-01       0.52061D+00       0.21363D+00
       0.45000D+02       0.55799D-01       0.57527D-01       0.52010D+00       0.20921D+00
       0.46000D+02       0.53966D-01       0.62620D-01       0.52036D+00       0.20496D+00
       0.47000D+02       0.56522D-01      -0.16678D-01       0.52015D+00       0.20206D+00
       0.48000D+02       0.56771D-01       0.62576D-02       0.52033D+00       0.19777D+00
       0.49000D+02       0.57227D-01      -0.22206D-01       0.52047D+00       0.21319D+00
       0.50000D+02       0.59370D-01       0.51211D-01       0.52035D+00       0.22879D+00
       0.51000D+02       0.57938D-01       0.45226D-01       0.52057D+00       0.22494D+00
       0.52000D+02       0.55777D-01       0.51542D-01       0.52013D+00       0.22093D+00
       0.53000D+02       0.54315D-01       0.57005D-01       0.52035D+00       0.21694D+00
       0.54000D+02       0.56458D-01      -0.20513D-01       0.52020D+00       0.21421D+00
       0.55000D+02       0.56753D-01       0.44614D-02       0.52034D+00       0.21024D+00
       0.56000D+02       0.57081D-01      -0.21717D-01       0.52047D+00       0.22350D+00
       0.57000D+02       0.59090D-01       0.54490D-01       0.52034D+00       0.23704D+00
       0.58000D+02       0.57703D-01       0.48853D-01       0.52054D+00       0.23355D+00
       0.59000D+02       0.55775D-01       0.47063D-01       0.52015D+00       0.22990D+00
       0.60000D+02       0.54597D-01       0.52843D-01       0.52034D+00       0.22615D+00
       0.61000D+02       0.56407D-01      -0.22192D-01       0.52023D+00       0.22417D+00
       0.62000D+02       0.56732D-01       0.49751D-02       0.52035D+00       0.22875D+00
       0.63000D+02       0.56955D-01      -0.19080D-01       0.52047D+00       0.23265D+00
       0.64000D+02       0.58832D-01       0.59322D-01       0.52034D+00       0.24460D+00
       0.65000D+02       0.57479D-01       0.54008D-01       0.52051D+00       0.24140D+00
       0.66000D+02       0.55839D-01       0.44096D-01       0.52017D+00       0.23804D+00
       0.67000D+02       0.54885D-01       0.50270D-01       0.52034D+00       0.23450D+00
       0.68000D+02       0.56436D-01      -0.21775D-01       0.52026D+00       0.23262D+00
       0.69000D+02       0.56780D-01       0.77543D-02       0.52036D+00       0.23662D+00
       0.70000D+02       0.56917D-01      -0.14326D-01       0.52048D+00       0.24002D+00
       0.71000D+02       0.58649D-01       0.65489D-01       0.52033D+00       0.24395D+00
       0.72000D+02       0.57320D-01       0.60614D-01       0.52049D+00       0.24110D+00
       0.73000D+02       0.55964D-01       0.42506D-01       0.52018D+00       0.23810D+00
       0.74000D+02       0.55186D-01       0.49221D-01       0.52034D+00       0.23483D+00
       0.75000D+02       0.56431D-01      -0.19508D-01       0.52028D+00       0.23265D+00
       0.76000D+02       0.56806D-01       0.12561D-01       0.52036D+00       0.23638D+00
       0.77000D+02       0.56880D-01      -0.76810D-02       0.52048D+00       0.23960D+00
       0.78000D+02       0.58448D-01       0.72607D-01       0.52033D+00       0.24331D+00
       0.79000D+02       0.57137D-01       0.68414D-01       0.52047D+00       0.24075D+00
       0.80000D+02       0.56085D-01       0.42011D-01       0.52019D+00       0.23803D+00
       0.81000D+02       0.55454D-01       0.49430D-01       0.52033D+00       0.23501D+00
       0.82000D+02       0.56498D-01      -0.15806D-01       0.52030D+00       0.23303D+00
       0.83000D+02       0.56884D-01       0.18985D-01       0.52037D+00       0.23643D+00
       0.84000D+02       0.56895D-01       0.45532D-03       0.52047D+00       0.23939D+00
       0.85000D+02       0.58278D-01       0.80163D-01       0.52032D+00       0.23703D+00
       0.86000D+02       0.56986D-01       0.76917D-01       0.52046D+00       0.23479D+00
       0.87000D+02       0.56249D-01       0.42160D-01       0.52020D+00       0.23237D+00
       0.88000D+02       0.55743D-01       0.50429D-01       0.52033D+00       0.22966D+00
       0.89000D+02       0.56621D-01      -0.11244D-01       0.52031D+00       0.22790D+00
       0.90000D+02       0.57015D-01       0.26446D-01       0.52037D+00       0.23110D+00
       0.91000D+02       0.56974D-01       0.95119D-02       0.52047D+00       0.23389D+00
       0.92000D+02       0.58150D-01       0.87512D-01       0.52031D+00       0.23708D+00
       0.93000D+02       0.56879D-01       0.85348D-01       0.52044D+00       0.23474D+00
       0.94000D+02       0.56459D-01       0.42304D-01       0.52021D+00       0.23252D+00
       0.95000D+02       0.56061D-01       0.51538D-01       0.52033D+00       0.23008D+00
       0.96000D+02       0.56770D-01      -0.65674D-02       0.52032D+00       0.22861D+00
       0.97000D+02       0.57173D-01       0.34184D-01       0.52037D+00       0.23156D+00
       0.98000D+02       0.57086D-01       0.18737D-01       0.52047D+00       0.23415D+00
       0.99000D+02       0.58032D-01       0.93852D-01       0.52031D+00       0.23215D+00
       0.10000D+03       0.56801D-01       0.92666D-01       0.52042D+00       0.23003D+00
       0.10100D+03       0.56687D-01       0.41625D-01       0.52022D+00       0.22804D+00
       0.10200D+03       0.56374D-01       0.51913D-01       0.52033D+00       0.22579D+00
       0.10300D+03       0.56977D-01      -0.26549D-02       0.52033D+00       0.22407D+00
       0.10400D+03       0.57388D-01       0.41300D-01       0.52036D+00       0.23106D+00
       0.10500D+03       0.57262D-01       0.27238D-01       0.52046D+00       0.22977D+00
       0.10600D+03       0.57959D-01       0.98250D-01       0.52030D+00       0.22840D+00
       0.10700D+03       0.56782D-01       0.97767D-01       0.52041D+00       0.22634D+00
       0.10800D+03       0.56945D-01       0.39308D-01       0.52023D+00       0.22465D+00
       0.10900D+03       0.56705D-01       0.50725D-01       0.52033D+00       0.22256D+00
       0.11000D+03       0.57220D-01      -0.35643D-03       0.52034D+00       0.22099D+00
       0.11100D+03       0.57639D-01       0.46916D-01       0.52036D+00       0.22757D+00
       0.11200D+03       0.57476D-01       0.34149D-01       0.52045D+00       0.22638D+00
       0.11300D+03       0.57906D-01       0.99847D-01       0.52029D+00       0.22511D+00
       0.11400D+03       0.56795D-01       0.99824D-01       0.52040D+00       0.22320D+00
       0.11500D+03       0.57191D-01       0.34818D-01       0.52023D+00       0.22167D+00
       0.11600D+03       0.57012D-01       0.47440D-01       0.52032D+00       0.21973D+00
       0.11700D+03       0.57437D-01      -0.22421D-03       0.52035D+00       0.22232D+00
       0.11800D+03       0.57892D-01       0.50457D-01       0.52036D+00       0.22449D+00
       0.11900D+03       0.57687D-01       0.38904D-01       0.52045D+00       0.22339D+00
       0.12000D+03       0.57852D-01       0.98173D-01       0.52029D+00       0.22220D+00
       0.12100D+03       0.56815D-01       0.98593D-01       0.52038D+00       0.22042D+00
       0.12200D+03       0.57391D-01       0.28136D-01       0.52024D+00       0.21901D+00
       0.12300D+03       0.57266D-01       0.42043D-01       0.52032D+00       0.21721D+00
       0.12400D+03       0.57630D-01      -0.22912D-02       0.52035D+00       0.21969D+00
       0.12500D+03       0.58097D-01       0.51869D-01       0.52036D+00       0.22175D+00
       0.12600D+03       0.57859D-01       0.41455D-01       0.52044D+00       0.22035D+00
       0.12700D+03       0.57778D-01       0.93391D-01       0.52028D+00       0.21875D+00
       0.12800D+03       0.56825D-01       0.94480D-01       0.52037D+00       0.21720D+00
       0.12900D+03       0.57518D-01       0.19778D-01       0.52025D+00       0.21591D+00
       0.13000D+03       0.57441D-01       0.35060D-01       0.52033D+00       0.21420D+00
       0.13100D+03       0.57752D-01      -0.60569D-02       0.52036D+00       0.21995D+00
       0.13200D+03       0.58233D-01       0.51636D-01       0.52035D+00       0.22221D+00
       0.13300D+03       0.57965D-01       0.42284D-01       0.52043D+00       0.22091D+00
       0.13400D+03       0.57674D-01       0.86275D-01       0.52028D+00       0.21936D+00
       0.13500D+03       0.56810D-01       0.88317D-01       0.52036D+00       0.21785D+00
       0.13600D+03       0.57574D-01       0.10590D-01       0.52026D+00       0.21663D+00
       0.13700D+03       0.57538D-01       0.27346D-01       0.52033D+00       0.21503D+00
       0.13800D+03       0.57804D-01      -0.10692D-01       0.52036D+00       0.22048D+00
       0.13900D+03       0.58335D-01       0.50567D-01       0.52035D+00       0.22264D+00
       0.14000D+03       0.58025D-01       0.42192D-01       0.52043D+00       0.22148D+00
       0.14100D+03       0.57571D-01       0.77917D-01       0.52027D+00       0.22001D+00
       0.14200D+03       0.56802D-01       0.81040D-01       0.52036D+00       0.21863D+00
       0.14300D+03       0.57596D-01       0.14715D-02       0.52026D+00       0.21758D+00
       0.14400D+03       0.57596D-01       0.19810D-01       0.52033D+00       0.21603D+00
       0.14500D+03       0.57823D-01      -0.15308D-01       0.52037D+00       0.22123D+00
       0.14600D+03       0.58374D-01       0.49517D-01       0.52035D+00       0.22328D+00
       0.14700D+03       0.58034D-01       0.42006D-01       0.52042D+00       0.22216D+00
       0.14800D+03       0.57462D-01       0.69376D-01       0.52027D+00       0.22076D+00
       0.14900D+03       0.56783D-01       0.73472D-01       0.52035D+00       0.21941D+00
       0.15000D+03       0.57576D-01      -0.68042D-02       0.52027D+00       0.21841D+00
       0.15100D+03       0.57609D-01       0.13233D-01       0.52033D+00       0.21694D+00
       0.15200D+03       0.57800D-01      -0.19143D-01       0.52037D+00       0.22189D+00
       0.15300D+03       0.58373D-01       0.49188D-01       0.52035D+00       0.22385D+00
       0.15400D+03       0.58007D-01       0.42399D-01       0.52042D+00       0.22258D+00
       0.15500D+03       0.57361D-01       0.61465D-01       0.52027D+00       0.22124D+00
       0.15600D+03       0.56766D-01       0.66275D-01       0.52035D+00       0.21992D+00
       0.15700D+03       0.57534D-01      -0.13646D-01       0.52028D+00       0.21896D+00
       0.15800D+03       0.57590D-01       0.82143D-02       0.52034D+00       0.21755D+00
       0.15900D+03       0.57742D-01      -0.21600D-01       0.52038D+00       0.22217D+00
       0.16000D+03       0.58336D-01       0.50074D-01       0.52034D+00       0.22401D+00
       0.16100D+03       0.57945D-01       0.43845D-01       0.52042D+00       0.22281D+00
       0.16200D+03       0.57266D-01       0.54703D-01       0.52027D+00       0.22153D+00
       0.16300D+03       0.56744D-01       0.59975D-01       0.52035D+00       0.22024D+00
       0.16400D+03       0.57469D-01      -0.18634D-01       0.52029D+00       0.21932D+00
       0.16500D+03       0.57551D-01       0.51843D-02       0.52034D+00       0.21796D+00
       0.16600D+03       0.57674D-01      -0.22248D-01       0.52038D+00       0.22239D+00
       0.16700D+03       0.58327D-01       0.52463D-01       0.52034D+00       0.22701D+00
       0.16800D+03       0.57883D-01       0.46642D-01       0.52041D+00       0.22586D+00
       0.16900D+03       0.57206D-01       0.49373D-01       0.52028D+00       0.22463D+00
       0.17000D+03       0.56750D-01       0.54974D-01       0.52034D+00       0.22335D+00
       0.17100D+03       0.57410D-01      -0.21522D-01       0.52030D+00       0.22245D+00
       0.17200D+03       0.57514D-01       0.44016D-02       0.52034D+00       0.22392D+00
       0.17300D+03       0.57608D-01      -0.20819D-01       0.52039D+00       0.22536D+00
       0.17400D+03       0.58271D-01       0.56443D-01       0.52034D+00       0.22980D+00
       0.17500D+03       0.57801D-01       0.50944D-01       0.52041D+00       0.22869D+00
       0.17600D+03       0.57156D-01       0.45570D-01       0.52028D+00       0.22749D+00
       0.17700D+03       0.56760D-01       0.51509D-01       0.52034D+00       0.22622D+00
       0.17800D+03       0.57358D-01      -0.22256D-01       0.52031D+00       0.22555D+00
       0.17900D+03       0.57479D-01       0.59340D-02       0.52035D+00       0.22713D+00
       0.18000D+03       0.57546D-01      -0.17230D-01       0.52039D+00       0.22850D+00
       0.18100D+03       0.58207D-01       0.61903D-01       0.52034D+00       0.23011D+00
       0.18200D+03       0.57712D-01       0.56760D-01       0.52040D+00       0.22905D+00
       0.18300D+03       0.57135D-01       0.43237D-01       0.52028D+00       0.22791D+00
       0.18400D+03       0.56791D-01       0.49630D-01       0.52034D+00       0.22667D+00
       0.18500D+03       0.57315D-01      -0.20980D-01       0.52032D+00       0.22582D+00
       0.18600D+03       0.57450D-01       0.96494D-02       0.52035D+00       0.22734D+00
       0.18700D+03       0.57490D-01      -0.11602D-01       0.52040D+00       0.22867D+00
       0.18800D+03       0.58133D-01       0.68545D-01       0.52034D+00       0.23022D+00
       0.18900D+03       0.57614D-01       0.63937D-01       0.52040D+00       0.22921D+00
       0.19000D+03       0.57120D-01       0.42174D-01       0.52028D+00       0.22812D+00
       0.19100D+03       0.56825D-01       0.49181D-01       0.52034D+00       0.22690D+00
       0.19200D+03       0.57289D-01      -0.18018D-01       0.52032D+00       0.22609D+00
       0.19300D+03       0.57444D-01       0.15231D-01       0.52035D+00       0.22759D+00
       0.19400D+03       0.57463D-01      -0.42389D-02       0.52040D+00       0.22891D+00
       0.19500D+03       0.58071D-01       0.75927D-01       0.52033D+00       0.23045D+00
       0.19600D+03       0.57529D-01       0.72125D-01       0.52039D+00       0.22949D+00
       0.19700D+03       0.57138D-01       0.42031D-01       0.52028D+00       0.22844D+00
       0.19800D+03       0.56889D-01       0.49810D-01       0.52034D+00       0.22726D+00
       0.19900D+03       0.57299D-01      -0.13856D-01       0.52033D+00       0.22648D+00
       0.20000D+03       0.57465D-01       0.22195D-01       0.52035D+00       0.22793D+00
       0.20100D+03       0.57460D-01       0.43852D-02       0.52040D+00       0.22921D+00
       0.20200D+03       0.58014D-01       0.83480D-01       0.52033D+00       0.23069D+00
       0.20300D+03       0.57452D-01       0.80709D-01       0.52039D+00       0.22964D+00
       0.20400D+03       0.57184D-01       0.42270D-01       0.52028D+00       0.22864D+00
       0.20500D+03       0.56976D-01       0.50953D-01       0.52034D+00       0.22750D+00
       0.20600D+03       0.57337D-01      -0.91411D-02       0.52033D+00       0.22675D+00
       0.20700D+03       0.57515D-01       0.29883D-01       0.52035D+00       0.22815D+00
       0.20800D+03       0.57488D-01       0.13619D-01       0.52040D+00       0.22938D+00
       0.20900D+03       0.57970D-01       0.90492D-01       0.52033D+00       0.23081D+00
       0.21000D+03       0.57397D-01       0.88787D-01       0.52038D+00       0.22980D+00
       0.21100D+03       0.57261D-01       0.42157D-01       0.52028D+00       0.22884D+00
       0.21200D+03       0.57092D-01       0.51846D-01       0.52034D+00       0.22777D+00
       0.21300D+03       0.57397D-01      -0.46901D-02       0.52034D+00       0.22711D+00
       0.21400D+03       0.57586D-01       0.37461D-01       0.52035D+00       0.22845D+00
       0.21500D+03       0.57538D-01       0.22638D-01       0.52040D+00       0.22784D+00
       0.21600D+03       0.57928D-01       0.96091D-01       0.52032D+00       0.22719D+00
       0.21700D+03       0.57354D-01       0.95254D-01       0.52038D+00       0.22624D+00
       0.21800D+03       0.57356D-01       0.40845D-01       0.52029D+00       0.22533D+00
       0.21900D+03       0.57219D-01       0.51622D-01       0.52034D+00       0.22429D+00
       0.22000D+03       0.57489D-01      -0.13972D-02       0.52034D+00       0.22349D+00
       0.22100D+03       0.57689D-01       0.44011D-01       0.52035D+00       0.22678D+00
       0.22200D+03       0.57620D-01       0.30533D-01       0.52040D+00       0.22619D+00
       0.22300D+03       0.57900D-01       0.99342D-01       0.52032D+00       0.22555D+00
       0.22400D+03       0.57334D-01       0.99082D-01       0.52037D+00       0.22458D+00
       0.22500D+03       0.57466D-01       0.37606D-01       0.52029D+00       0.22378D+00
       0.22600D+03       0.57360D-01       0.49546D-01       0.52033D+00       0.22278D+00
       0.22700D+03       0.57601D-01      -0.15506D-04       0.52034D+00       0.22201D+00
       0.22800D+03       0.57825D-01       0.48754D-01       0.52035D+00       0.22525D+00
       0.22900D+03       0.57735D-01       0.36533D-01       0.52040D+00       0.22468D+00
       0.23000D+03       0.57890D-01       0.99517D-01       0.52032D+00       0.22406D+00
       0.23100D+03       0.57341D-01       0.99675D-01       0.52037D+00       0.22312D+00
       0.23200D+03       0.57585D-01       0.32115D-01       0.52029D+00       0.22236D+00
       0.23300D+03       0.57505D-01       0.45295D-01       0.52033D+00       0.22139D+00
       0.23400D+03       0.57708D-01      -0.88545D-03       0.52035D+00       0.22268D+00
       0.23500D+03       0.57944D-01       0.51326D-01       0.52035D+00       0.22376D+00
       0.23600D+03       0.57831D-01       0.40285D-01       0.52040D+00       0.22300D+00
       0.23700D+03       0.57857D-01       0.96408D-01       0.52031D+00       0.22219D+00
       0.23800D+03       0.57333D-01       0.97087D-01       0.52036D+00       0.22128D+00
       0.23900D+03       0.57665D-01       0.24603D-01       0.52029D+00       0.22056D+00
       0.24000D+03       0.57610D-01       0.39106D-01       0.52033D+00       0.21963D+00
       0.24100D+03       0.57789D-01      -0.37909D-02       0.52035D+00       0.22090D+00
       0.24200D+03       0.58038D-01       0.51925D-01       0.52035D+00       0.22213D+00
       0.24300D+03       0.57906D-01       0.41990D-01       0.52039D+00       0.22141D+00
       0.24400D+03       0.57810D-01       0.90472D-01       0.52031D+00       0.22058D+00
       0.24500D+03       0.57318D-01       0.91952D-01       0.52036D+00       0.21975D+00
       0.24600D+03       0.57709D-01       0.15764D-01       0.52029D+00       0.21907D+00
       0.24700D+03       0.57677D-01       0.31685D-01       0.52033D+00       0.21816D+00
       0.24800D+03       0.57834D-01      -0.80522D-02       0.52035D+00       0.22119D+00
       0.24900D+03       0.58099D-01       0.51214D-01       0.52035D+00       0.22238D+00
       0.25000D+03       0.57944D-01       0.42306D-01       0.52039D+00       0.22174D+00
       0.25100D+03       0.57743D-01       0.82667D-01       0.52031D+00       0.22091D+00
       0.25200D+03       0.57289D-01       0.85185D-01       0.52035D+00       0.22009D+00
       0.25300D+03       0.57719D-01       0.65010D-02       0.52030D+00       0.21943D+00
       0.25400D+03       0.57708D-01       0.23943D-01       0.52033D+00       0.21855D+00
       0.25500D+03       0.57845D-01      -0.12784D-01       0.52035D+00       0.22149D+00
       0.25600D+03       0.58144D-01       0.50054D-01       0.52035D+00       0.22266D+00
       0.25700D+03       0.57965D-01       0.42076D-01       0.52039D+00       0.22203D+00
       0.25800D+03       0.57678D-01       0.74109D-01       0.52030D+00       0.22122D+00
       0.25900D+03       0.57267D-01       0.77688D-01       0.52035D+00       0.22045D+00
       0.26000D+03       0.57715D-01      -0.23294D-02       0.52030D+00       0.21987D+00
       0.26100D+03       0.57723D-01       0.16745D-01       0.52034D+00       0.21901D+00
       0.26200D+03       0.57842D-01      -0.17139D-01       0.52036D+00       0.22187D+00
       0.26300D+03       0.58159D-01       0.49248D-01       0.52035D+00       0.22301D+00
       0.26400D+03       0.57960D-01       0.42076D-01       0.52039D+00       0.22227D+00
       0.26500D+03       0.57613D-01       0.65765D-01       0.52030D+00       0.22148D+00
       0.26600D+03       0.57243D-01       0.70211D-01       0.52035D+00       0.22072D+00
       0.26700D+03       0.57693D-01      -0.10034D-01       0.52031D+00       0.22015D+00
       0.26800D+03       0.57717D-01       0.10793D-01       0.52034D+00       0.21931D+00
       0.26900D+03       0.57814D-01      -0.20428D-01       0.52036D+00       0.22204D+00
       0.27000D+03       0.58150D-01       0.49408D-01       0.52034D+00       0.22312D+00
       0.27100D+03       0.57932D-01       0.42887D-01       0.52039D+00       0.22241D+00
       0.27200D+03       0.57545D-01       0.58313D-01       0.52030D+00       0.22165D+00
       0.27300D+03       0.57215D-01       0.63353D-01       0.52035D+00       0.22089D+00
       0.27400D+03       0.57654D-01      -0.16098D-01       0.52031D+00       0.22033D+00
       0.27500D+03       0.57694D-01       0.66103D-02       0.52034D+00       0.21952D+00
       0.27600D+03       0.57775D-01      -0.22130D-01       0.52036D+00       0.22217D+00
       0.27700D+03       0.58153D-01       0.50934D-01       0.52034D+00       0.22496D+00
       0.27800D+03       0.57901D-01       0.44902D-01       0.52038D+00       0.22426D+00
       0.27900D+03       0.57497D-01       0.52161D-01       0.52030D+00       0.22352D+00
       0.28000D+03       0.57203D-01       0.57586D-01       0.52034D+00       0.22275D+00
       0.28100D+03       0.57614D-01      -0.20177D-01       0.52031D+00       0.22221D+00
       0.28200D+03       0.57669D-01       0.45525D-02       0.52034D+00       0.22140D+00
       0.28300D+03       0.57735D-01      -0.21882D-01       0.52037D+00       0.22399D+00
       0.28400D+03       0.58128D-01       0.54028D-01       0.52034D+00       0.22671D+00
       0.28500D+03       0.57856D-01       0.48354D-01       0.52038D+00       0.22603D+00
       0.28600D+03       0.57454D-01       0.47503D-01       0.52030D+00       0.22530D+00
       0.28700D+03       0.57194D-01       0.53245D-01       0.52034D+00       0.22454D+00
       0.28800D+03       0.57576D-01      -0.22108D-01       0.52032D+00       0.22412D+00
       0.28900D+03       0.57644D-01       0.47967D-02       0.52034D+00       0.22511D+00
       0.29000D+03       0.57694D-01      -0.19496D-01       0.52037D+00       0.22597D+00
       0.29100D+03       0.58096D-01       0.58688D-01       0.52034D+00       0.22862D+00
       0.29200D+03       0.57804D-01       0.53333D-01       0.52038D+00       0.22796D+00
       0.29300D+03       0.57428D-01       0.44366D-01       0.52030D+00       0.22725D+00
       0.29400D+03       0.57199D-01       0.50488D-01       0.52034D+00       0.22648D+00
       0.29500D+03       0.57556D-01      -0.21924D-01       0.52032D+00       0.22607D+00
       0.29600D+03       0.57634D-01       0.73218D-02       0.52035D+00       0.22703D+00
       0.29700D+03       0.57668D-01      -0.14980D-01       0.52037D+00       0.22786D+00
       0.29800D+03       0.58071D-01       0.64716D-01       0.52034D+00       0.22884D+00
       0.29900D+03       0.57759D-01       0.59780D-01       0.52038D+00       0.22820D+00
       0.30000D+03       0.57421D-01       0.42628D-01       0.52030D+00       0.22751D+00
       0.30100D+03       0.57220D-01       0.49271D-01       0.52034D+00       0.22675D+00
       0.30200D+03       0.57529D-01      -0.19854D-01       0.52033D+00       0.22623D+00
       0.30300D+03       0.57616D-01       0.11911D-01       0.52035D+00       0.22716D+00
       0.30400D+03       0.57635D-01      -0.85375D-02       0.52038D+00       0.22798D+00
       0.30500D+03       0.58027D-01       0.71748D-01       0.52034D+00       0.22893D+00
       0.30600D+03       0.57696D-01       0.67461D-01       0.52038D+00       0.22832D+00
       0.30700D+03       0.57411D-01       0.42025D-01       0.52030D+00       0.22765D+00
       0.30800D+03       0.57237D-01       0.49354D-01       0.52034D+00       0.22689D+00
       0.30900D+03       0.57514D-01      -0.16292D-01       0.52033D+00       0.22639D+00
       0.31000D+03       0.57616D-01       0.18174D-01       0.52035D+00       0.22732D+00
       0.31100D+03       0.57620D-01      -0.54828D-03       0.52038D+00       0.22815D+00
       0.31200D+03       0.57991D-01       0.79283D-01       0.52034D+00       0.22755D+00
       0.31300D+03       0.57642D-01       0.75917D-01       0.52037D+00       0.22696D+00
       0.31400D+03       0.57425D-01       0.42129D-01       0.52030D+00       0.22631D+00
       0.31500D+03       0.57277D-01       0.50293D-01       0.52034D+00       0.22558D+00
       0.31600D+03       0.57524D-01      -0.11795D-01       0.52033D+00       0.22509D+00
       0.31700D+03       0.57634D-01       0.25550D-01       0.52035D+00       0.22601D+00
       0.31800D+03       0.57624D-01       0.84367D-02       0.52038D+00       0.22683D+00
       0.31900D+03       0.57960D-01       0.86695D-01       0.52033D+00       0.22777D+00
       0.32000D+03       0.57595D-01       0.84405D-01       0.52037D+00       0.22712D+00
       0.32100D+03       0.57457D-01       0.42313D-01       0.52030D+00       0.22649D+00
       0.32200D+03       0.57334D-01       0.51430D-01       0.52034D+00       0.22579D+00
       0.32300D+03       0.57546D-01      -0.70882D-02       0.52034D+00       0.22536D+00
       0.32400D+03       0.57664D-01       0.33301D-01       0.52035D+00       0.22626D+00
       0.32500D+03       0.57640D-01       0.17686D-01       0.52038D+00       0.22706D+00
       0.32600D+03       0.57927D-01       0.93197D-01       0.52033D+00       0.22647D+00
       0.32700D+03       0.57553D-01       0.91911D-01       0.52037D+00       0.22584D+00
       0.32800D+03       0.57503D-01       0.41774D-01       0.52031D+00       0.22524D+00
       0.32900D+03       0.57402D-01       0.51935D-01       0.52034D+00       0.22455D+00
       0.33000D+03       0.57591D-01      -0.30407D-02       0.52034D+00       0.22414D+00
       0.33100D+03       0.57718D-01       0.40536D-01       0.52035D+00       0.22502D+00
       0.33200D+03       0.57680D-01       0.26318D-01       0.52038D+00       0.22463D+00
       0.33300D+03       0.57905D-01       0.97869D-01       0.52033D+00       0.22421D+00
       0.33400D+03       0.57529D-01       0.97320D-01       0.52036D+00       0.22356D+00
       0.33500D+03       0.57567D-01       0.39682D-01       0.52031D+00       0.22302D+00
       0.33600D+03       0.57486D-01       0.50965D-01       0.52034D+00       0.22235D+00
       0.33700D+03       0.57655D-01      -0.51842D-03       0.52034D+00       0.22183D+00
       0.33800D+03       0.57791D-01       0.46364D-01       0.52035D+00       0.22399D+00
       0.33900D+03       0.57739D-01       0.33452D-01       0.52038D+00       0.22361D+00
       0.34000D+03       0.57889D-01       0.99826D-01       0.52033D+00       0.22305D+00
       0.34100D+03       0.57516D-01       0.99755D-01       0.52036D+00       0.22242D+00
       0.34200D+03       0.57638D-01       0.35456D-01       0.52031D+00       0.22190D+00
       0.34300D+03       0.57575D-01       0.47934D-01       0.52034D+00       0.22125D+00
       0.34400D+03       0.57728D-01      -0.12220D-03       0.52034D+00       0.22215D+00
       0.34500D+03       0.57881D-01       0.50160D-01       0.52035D+00       0.22289D+00
       0.34600D+03       0.57813D-01       0.38470D-01       0.52038D+00       0.22252D+00
       0.34700D+03       0.57879D-01       0.98536D-01       0.52032D+00       0.22211D+00
       0.34800D+03       0.57516D-01       0.98896D-01       0.52036D+00       0.22149D+00
       0.34900D+03       0.57708D-01       0.29011D-01       0.52031D+00       0.22099D+00
       0.35000D+03       0.57661D-01       0.42764D-01       0.52034D+00       0.22036D+00
       0.35100D+03       0.57791D-01      -0.19507D-02       0.52035D+00       0.22122D+00
       0.35200D+03       0.57955D-01       0.51803D-01       0.52035D+00       0.22195D+00
       0.35300D+03       0.57872D-01       0.41260D-01       0.52038D+00       0.22145D+00
       0.35400D+03       0.57853D-01       0.94085D-01       0.52032D+00       0.22087D+00
       0.35500D+03       0.57505D-01       0.95080D-01       0.52035D+00       0.22030D+00
       0.35600D+03       0.57751D-01       0.20808D-01       0.52031D+00       0.21983D+00
       0.35700D+03       0.57720D-01       0.35925D-01       0.52034D+00       0.21920D+00
       0.35800D+03       0.57835D-01      -0.55582D-02       0.52035D+00       0.22129D+00
       0.35900D+03       0.58010D-01       0.51722D-01       0.52035D+00       0.22212D+00
       0.36000D+03       0.57913D-01       0.42252D-01       0.52038D+00       0.22163D+00
       0.36100D+03       0.57814D-01       0.87186D-01       0.52032D+00       0.22106D+00
       0.36200D+03       0.57487D-01       0.89106D-01       0.52035D+00       0.22049D+00
       0.36300D+03       0.57770D-01       0.11668D-01       0.52031D+00       0.22003D+00
       0.36400D+03       0.57754D-01       0.28248D-01       0.52034D+00       0.21941D+00
       0.36500D+03       0.57856D-01      -0.10139D-01       0.52035D+00       0.22146D+00
       0.36600D+03       0.58055D-01       0.50705D-01       0.52035D+00       0.22228D+00
       0.36700D+03       0.57940D-01       0.42222D-01       0.52038D+00       0.22184D+00
       0.36800D+03       0.57773D-01       0.78914D-01       0.52032D+00       0.22127D+00
       0.36900D+03       0.57471D-01       0.81913D-01       0.52035D+00       0.22071D+00
       0.37000D+03       0.57775D-01       0.24992D-02       0.52031D+00       0.22026D+00
       0.37100D+03       0.57774D-01       0.20648D-01       0.52034D+00       0.21965D+00
       0.37200D+03       0.57863D-01      -0.14800D-01       0.52035D+00       0.22166D+00
       0.37300D+03       0.58076D-01       0.49613D-01       0.52034D+00       0.22247D+00
       0.37400D+03       0.57946D-01       0.42008D-01       0.52037D+00       0.22203D+00
       0.37500D+03       0.57725D-01       0.70348D-01       0.52032D+00       0.22148D+00
       0.37600D+03       0.57451D-01       0.74342D-01       0.52035D+00       0.22094D+00
       0.37700D+03       0.57766D-01      -0.59080D-02       0.52032D+00       0.22054D+00
       0.37800D+03       0.57777D-01       0.13926D-01       0.52034D+00       0.21994D+00
       0.37900D+03       0.57855D-01      -0.18758D-01       0.52035D+00       0.22192D+00
       0.38000D+03       0.58083D-01       0.49171D-01       0.52034D+00       0.22271D+00
       0.38100D+03       0.57938D-01       0.42307D-01       0.52037D+00       0.22220D+00
       0.38200D+03       0.57679D-01       0.62331D-01       0.52031D+00       0.22166D+00
       0.38300D+03       0.57432D-01       0.67073D-01       0.52035D+00       0.22112D+00
       0.38400D+03       0.57746D-01      -0.12941D-01       0.52032D+00       0.22072D+00
       0.38500D+03       0.57767D-01       0.87013D-02       0.52034D+00       0.22014D+00
       0.38600D+03       0.57831D-01      -0.21401D-01       0.52036D+00       0.22204D+00
       0.38700D+03       0.58073D-01       0.49898D-01       0.52034D+00       0.22280D+00
       0.38800D+03       0.57914D-01       0.43612D-01       0.52037D+00       0.22230D+00
       0.38900D+03       0.57633D-01       0.55418D-01       0.52031D+00       0.22177D+00
       0.39000D+03       0.57410D-01       0.60646D-01       0.52034D+00       0.22123D+00
       0.39100D+03       0.57715D-01      -0.18160D-01       0.52032D+00       0.22084D+00
       0.39200D+03       0.57748D-01       0.54239D-02       0.52034D+00       0.22027D+00
       0.39300D+03       0.57801D-01      -0.22276D-01       0.52036D+00       0.22213D+00
       0.39400D+03       0.58075D-01       0.52104D-01       0.52034D+00       0.22409D+00
       0.39500D+03       0.57889D-01       0.46242D-01       0.52037D+00       0.22361D+00
       0.39600D+03       0.57600D-01       0.49913D-01       0.52031D+00       0.22309D+00
       0.39700D+03       0.57401D-01       0.55478D-01       0.52034D+00       0.22255D+00
       0.39800D+03       0.57686D-01      -0.21298D-01       0.52032D+00       0.22216D+00
       0.39900D+03       0.57729D-01       0.43732D-02       0.52034D+00       0.22279D+00
       0.40000D+03       0.57771D-01      -0.21095D-01       0.52036D+00       0.22342D+00
       0.40100D+03       0.58055D-01       0.55902D-01       0.52034D+00       0.22535D+00
       0.40200D+03       0.57854D-01       0.50366D-01       0.52037D+00       0.22488D+00
       0.40300D+03       0.57571D-01       0.45933D-01       0.52031D+00       0.22436D+00
       0.40400D+03       0.57393D-01       0.51829D-01       0.52034D+00       0.22382D+00
       0.40500D+03       0.57658D-01      -0.22278D-01       0.52033D+00       0.22353D+00
       0.40600D+03       0.57710D-01       0.56400D-02       0.52034D+00       0.22423D+00
       0.40700D+03       0.57741D-01      -0.17755D-01       0.52036D+00       0.22484D+00
       0.40800D+03       0.58031D-01       0.61202D-01       0.52034D+00       0.22556D+00
       0.40900D+03       0.57815D-01       0.56011D-01       0.52037D+00       0.22510D+00
       0.41000D+03       0.57554D-01       0.43437D-01       0.52031D+00       0.22460D+00
       0.41100D+03       0.57396D-01       0.49770D-01       0.52034D+00       0.22406D+00
       0.41200D+03       0.57633D-01      -0.21222D-01       0.52033D+00       0.22368D+00
       0.41300D+03       0.57693D-01       0.91151D-02       0.52035D+00       0.22437D+00
       0.41400D+03       0.57712D-01      -0.12352D-01       0.52037D+00       0.22498D+00
       0.41500D+03       0.58001D-01       0.67727D-01       0.52034D+00       0.22569D+00
       0.41600D+03       0.57769D-01       0.63044D-01       0.52037D+00       0.22524D+00
       0.41700D+03       0.57539D-01       0.42242D-01       0.52031D+00       0.22475D+00
       0.41800D+03       0.57401D-01       0.49169D-01       0.52034D+00       0.22420D+00
       0.41900D+03       0.57615D-01      -0.18434D-01       0.52033D+00       0.22384D+00
       0.42000D+03       0.57685D-01       0.14502D-01       0.52035D+00       0.22454D+00
       0.42100D+03       0.57695D-01      -0.51684D-02       0.52037D+00       0.22515D+00
       0.42200D+03       0.57975D-01       0.75050D-01       0.52034D+00       0.22587D+00
       0.42300D+03       0.57727D-01       0.71140D-01       0.52037D+00       0.22544D+00
       0.42400D+03       0.57539D-01       0.42016D-01       0.52031D+00       0.22496D+00
       0.42500D+03       0.57420D-01       0.49698D-01       0.52034D+00       0.22442D+00
       0.42600D+03       0.57613D-01      -0.14381D-01       0.52034D+00       0.22406D+00
       0.42700D+03       0.57690D-01       0.21336D-01       0.52035D+00       0.22474D+00
       0.42800D+03       0.57689D-01       0.33393D-02       0.52037D+00       0.22535D+00
       0.42900D+03       0.57950D-01       0.82617D-01       0.52034D+00       0.22606D+00
       0.43000D+03       0.57687D-01       0.79720D-01       0.52036D+00       0.22558D+00
       0.43100D+03       0.57552D-01       0.42245D-01       0.52031D+00       0.22511D+00
       0.43200D+03       0.57451D-01       0.50817D-01       0.52034D+00       0.22458D+00
       0.43300D+03       0.57624D-01      -0.96913D-02       0.52034D+00       0.22423D+00
       0.43400D+03       0.57708D-01       0.28980D-01       0.52035D+00       0.22490D+00
       0.43500D+03       0.57696D-01       0.12542D-01       0.52037D+00       0.22550D+00
       0.43600D+03       0.57929D-01       0.89734D-01       0.52034D+00       0.22619D+00
       0.43700D+03       0.57656D-01       0.87911D-01       0.52036D+00       0.22572D+00
       0.43800D+03       0.57582D-01       0.42216D-01       0.52031D+00       0.22526D+00
       0.43900D+03       0.57497D-01       0.51783D-01       0.52034D+00       0.22475D+00
       0.44000D+03       0.57646D-01      -0.51639D-02       0.52034D+00       0.22444D+00
       0.44100D+03       0.57737D-01       0.36618D-01       0.52035D+00       0.22510D+00
       0.44200D+03       0.57715D-01       0.21633D-01       0.52037D+00       0.22569D+00
       0.44300D+03       0.57909D-01       0.95545D-01       0.52033D+00       0.22637D+00
       0.44400D+03       0.57629D-01       0.94622D-01       0.52036D+00       0.22590D+00
       0.44500D+03       0.57621D-01       0.41084D-01       0.52032D+00       0.22546D+00
       0.44600D+03       0.57552D-01       0.51732D-01       0.52034D+00       0.22495D+00
       0.44700D+03       0.57686D-01      -0.16928D-02       0.52034D+00       0.22456D+00
       0.44800D+03       0.57783D-01       0.43332D-01       0.52035D+00       0.22618D+00
       0.44900D+03       0.57750D-01       0.29702D-01       0.52037D+00       0.22589D+00
       0.45000D+03       0.57894D-01       0.99112D-01       0.52033D+00       0.22557D+00
       0.45100D+03       0.57614D-01       0.98798D-01       0.52036D+00       0.22509D+00
       0.45200D+03       0.57671D-01       0.38095D-01       0.52032D+00       0.22469D+00
       0.45300D+03       0.57616D-01       0.49897D-01       0.52034D+00       0.22419D+00
       0.45400D+03       0.57738D-01      -0.61973D-04       0.52034D+00       0.22380D+00
       0.45500D+03       0.57848D-01       0.48313D-01       0.52035D+00       0.22542D+00
       0.45600D+03       0.57805D-01       0.35950D-01       0.52037D+00       0.22513D+00
       0.45700D+03       0.57890D-01       0.99667D-01       0.52033D+00       0.22482D+00
       0.45800D+03       0.57612D-01       0.99776D-01       0.52036D+00       0.22434D+00
       0.45900D+03       0.57728D-01       0.32865D-01       0.52032D+00       0.22396D+00
       0.46000D+03       0.57686D-01       0.45897D-01       0.52034D+00       0.22346D+00
       0.46100D+03       0.57790D-01      -0.67106D-03       0.52034D+00       0.22411D+00
       0.46200D+03       0.57909D-01       0.51138D-01       0.52035D+00       0.22466D+00
       0.46300D+03       0.57853D-01       0.39963D-01       0.52037D+00       0.22427D+00
       0.46400D+03       0.57874D-01       0.96928D-01       0.52033D+00       0.22385D+00
       0.46500D+03       0.57604D-01       0.97534D-01       0.52035D+00       0.22338D+00
       0.46600D+03       0.57769D-01       0.25559D-01       0.52032D+00       0.22301D+00
       0.46700D+03       0.57739D-01       0.39903D-01       0.52034D+00       0.22252D+00
       0.46800D+03       0.57832D-01      -0.33684D-02       0.52035D+00       0.22317D+00
       0.46900D+03       0.57960D-01       0.51938D-01       0.52035D+00       0.22380D+00
       0.47000D+03       0.57893D-01       0.41879D-01       0.52037D+00       0.22342D+00
       0.47100D+03       0.57850D-01       0.91278D-01       0.52033D+00       0.22299D+00
       0.47200D+03       0.57593D-01       0.92650D-01       0.52035D+00       0.22255D+00
       0.47300D+03       0.57793D-01       0.16829D-01       0.52032D+00       0.22219D+00
       0.47400D+03       0.57775D-01       0.32580D-01       0.52034D+00       0.22171D+00
       0.47500D+03       0.57858D-01      -0.75165D-02       0.52035D+00       0.22328D+00
       0.47600D+03       0.57994D-01       0.51336D-01       0.52035D+00       0.22390D+00
       0.47700D+03       0.57916D-01       0.42313D-01       0.52037D+00       0.22354D+00
       0.47800D+03       0.57817D-01       0.83632D-01       0.52032D+00       0.22310D+00
       0.47900D+03       0.57576D-01       0.86024D-01       0.52035D+00       0.22267D+00
       0.48000D+03       0.57800D-01       0.75685D-02       0.52032D+00       0.22231D+00
       0.48100D+03       0.57792D-01       0.24828D-01       0.52034D+00       0.22184D+00
       0.48200D+03       0.57866D-01      -0.12239D-01       0.52035D+00       0.22339D+00
       0.48300D+03       0.58023D-01       0.50184D-01       0.52034D+00       0.22400D+00
       0.48400D+03       0.57929D-01       0.42104D-01       0.52037D+00       0.22366D+00
       0.48500D+03       0.57782D-01       0.75107D-01       0.52032D+00       0.22323D+00
       0.48600D+03       0.57560D-01       0.78570D-01       0.52035D+00       0.22282D+00
       0.48700D+03       0.57798D-01      -0.13512D-02       0.52032D+00       0.22250D+00
       0.48800D+03       0.57801D-01       0.17528D-01       0.52034D+00       0.22204D+00
       0.48900D+03       0.57866D-01      -0.16676D-01       0.52035D+00       0.22357D+00
       0.49000D+03       0.58034D-01       0.49302D-01       0.52034D+00       0.22418D+00
       0.49100D+03       0.57929D-01       0.42043D-01       0.52037D+00       0.22384D+00
       0.49200D+03       0.57746D-01       0.66697D-01       0.52032D+00       0.22341D+00
       0.49300D+03       0.57543D-01       0.71057D-01       0.52035D+00       0.22300D+00
       0.49400D+03       0.57786D-01      -0.92158D-02       0.52032D+00       0.22269D+00
       0.49500D+03       0.57797D-01       0.11401D-01       0.52034D+00       0.22223D+00
       0.49600D+03       0.57851D-01      -0.20119D-01       0.52035D+00       0.22370D+00
       0.49700D+03       0.58032D-01       0.49325D-01       0.52034D+00       0.22429D+00
       0.49800D+03       0.57915D-01       0.42737D-01       0.52037D+00       0.22389D+00
       0.49900D+03       0.57707D-01       0.59117D-01       0.52032D+00       0.22348D+00
       0.50000D+03       0.57524D-01       0.64100D-01       0.52034D+00       0.22306D+00
       0.50100D+03       0.57764D-01      -0.15491D-01       0.52032D+00       0.22275D+00
       0.50200D+03       0.57785D-01       0.69919D-02       0.52034D+00       0.22230D+00
       0.50300D+03       0.57830D-01      -0.22027D-01       0.52035D+00       0.22375D+00
       0.50400D+03       0.58036D-01       0.50679D-01       0.52034D+00       0.22528D+00
       0.50500D+03       0.57899D-01       0.44598D-01       0.52037D+00       0.22489D+00
       0.50600D+03       0.57677D-01       0.52800D-01       0.52032D+00       0.22448D+00
       0.50700D+03       0.57512D-01       0.58187D-01       0.52034D+00       0.22406D+00
       0.50800D+03       0.57741D-01      -0.19813D-01       0.52033D+00       0.22375D+00
       0.50900D+03       0.57770D-01       0.46749D-02       0.52034D+00       0.22331D+00
       0.51000D+03       0.57807D-01      -0.22019D-01       0.52036D+00       0.22474D+00
       0.51100D+03       0.58024D-01       0.53587D-01       0.52034D+00       0.22624D+00
       0.51200D+03       0.57875D-01       0.47876D-01       0.52037D+00       0.22587D+00
       0.51300D+03       0.57650D-01       0.47965D-01       0.52032D+00       0.22546D+00
       0.51400D+03       0.57503D-01       0.53669D-01       0.52034D+00       0.22504D+00
       0.51500D+03       0.57718D-01      -0.21995D-01       0.52033D+00       0.22480D+00
       0.51600D+03       0.57755D-01       0.46492D-02       0.52034D+00       0.22535D+00
       0.51700D+03       0.57784D-01      -0.19884D-01       0.52036D+00       0.22583D+00
       0.51800D+03       0.58008D-01       0.58071D-01       0.52034D+00       0.22732D+00
       0.51900D+03       0.57846D-01       0.52677D-01       0.52036D+00       0.22696D+00
       0.52000D+03       0.57630D-01       0.44654D-01       0.52032D+00       0.22656D+00
       0.52100D+03       0.57498D-01       0.50726D-01       0.52034D+00       0.22612D+00
       0.52200D+03       0.57697D-01      -0.22048D-01       0.52033D+00       0.22589D+00
       0.52300D+03       0.57740D-01       0.69172D-02       0.52034D+00       0.22643D+00
       0.52400D+03       0.57761D-01      -0.15609D-01       0.52036D+00       0.22691D+00
       0.52500D+03       0.57988D-01       0.63957D-01       0.52034D+00       0.22746D+00
       0.52600D+03       0.57813D-01       0.58962D-01       0.52036D+00       0.22711D+00
       0.52700D+03       0.57618D-01       0.42765D-01       0.52032D+00       0.22671D+00
       0.52800D+03       0.57501D-01       0.49339D-01       0.52034D+00       0.22628D+00
       0.52900D+03       0.57679D-01      -0.20179D-01       0.52033D+00       0.22599D+00
       0.53000D+03       0.57728D-01       0.11284D-01       0.52035D+00       0.22652D+00
       0.53100D+03       0.57740D-01      -0.93730D-02       0.52036D+00       0.22699D+00
       0.53200D+03       0.57965D-01       0.70896D-01       0.52034D+00       0.22754D+00
       0.53300D+03       0.57776D-01       0.66519D-01       0.52036D+00       0.22719D+00
       0.53400D+03       0.57609D-01       0.42049D-01       0.52032D+00       0.22680D+00
       0.53500D+03       0.57507D-01       0.49291D-01       0.52034D+00       0.22640D+00
       0.53600D+03       0.57668D-01      -0.16765D-01       0.52034D+00       0.22611D+00
       0.53700D+03       0.57725D-01       0.17378D-01       0.52035D+00       0.22665D+00
       0.53800D+03       0.57729D-01      -0.15383D-02       0.52036D+00       0.22713D+00
       0.53900D+03       0.57944D-01       0.78402D-01       0.52034D+00       0.22769D+00
       0.54000D+03       0.57744D-01       0.74917D-01       0.52036D+00       0.22735D+00
       0.54100D+03       0.57612D-01       0.42099D-01       0.52032D+00       0.22697D+00
       0.54200D+03       0.57524D-01       0.50159D-01       0.52034D+00       0.22654D+00
       0.54300D+03       0.57670D-01      -0.12343D-01       0.52034D+00       0.22626D+00
       0.54400D+03       0.57733D-01       0.24659D-01       0.52035D+00       0.22679D+00
       0.54500D+03       0.57728D-01       0.73652D-02       0.52036D+00       0.22726D+00
       0.54600D+03       0.57926D-01       0.85865D-01       0.52034D+00       0.22781D+00
       0.54700D+03       0.57714D-01       0.83449D-01       0.52036D+00       0.22743D+00
       0.54800D+03       0.57628D-01       0.42313D-01       0.52032D+00       0.22706D+00
       0.54900D+03       0.57554D-01       0.51313D-01       0.52034D+00       0.22665D+00
       0.55000D+03       0.57679D-01      -0.76178D-02       0.52034D+00       0.22640D+00
       0.55100D+03       0.57748D-01       0.32410D-01       0.52035D+00       0.22693D+00
       0.55200D+03       0.57735D-01       0.16627D-01       0.52036D+00       0.22739D+00
       0.55300D+03       0.57907D-01       0.92519D-01       0.52034D+00       0.22705D+00
       0.55400D+03       0.57687D-01       0.91127D-01       0.52036D+00       0.22668D+00
       0.55500D+03       0.57651D-01       0.41902D-01       0.52032D+00       0.22632D+00
       0.55600D+03       0.57589D-01       0.51937D-01       0.52034D+00       0.22591D+00
       0.55700D+03       0.57702D-01      -0.34472D-02       0.52034D+00       0.22566D+00
       0.55800D+03       0.57777D-01       0.39753D-01       0.52035D+00       0.22618D+00
       0.55900D+03       0.57755D-01       0.25378D-01       0.52036D+00       0.22595D+00
       0.56000D+03       0.57893D-01       0.97451D-01       0.52033D+00       0.22570D+00
       0.56100D+03       0.57670D-01       0.96833D-01       0.52036D+00       0.22531D+00
       0.56200D+03       0.57686D-01       0.40027D-01       0.52032D+00       0.22499D+00
       0.56300D+03       0.57636D-01       0.51176D-01       0.52034D+00       0.22458D+00
       0.56400D+03       0.57738D-01      -0.70962D-03       0.52034D+00       0.22427D+00
       0.56500D+03       0.57818D-01       0.45784D-01       0.52035D+00       0.22555D+00
       0.56600D+03       0.57788D-01       0.32725D-01       0.52036D+00       0.22532D+00
       0.56700D+03       0.57883D-01       0.99760D-01       0.52033D+00       0.22498D+00
       0.56800D+03       0.57660D-01       0.99642D-01       0.52035D+00       0.22460D+00
       0.56900D+03       0.57727D-01       0.36063D-01       0.52032D+00       0.22429D+00
       0.57000D+03       0.57688D-01       0.48399D-01       0.52034D+00       0.22389D+00
       0.57100D+03       0.57781D-01      -0.50765D-04       0.52034D+00       0.22443D+00
       0.57200D+03       0.57872D-01       0.49833D-01       0.52035D+00       0.22487D+00
       0.57300D+03       0.57833D-01       0.38005D-01       0.52036D+00       0.22464D+00
       0.57400D+03       0.57879D-01       0.98855D-01       0.52033D+00       0.22439D+00
       0.57500D+03       0.57659D-01       0.99159D-01       0.52035D+00       0.22401D+00
       0.57600D+03       0.57770D-01       0.29862D-01       0.52032D+00       0.22371D+00
       0.57700D+03       0.57741D-01       0.43463D-01       0.52034D+00       0.22332D+00
       0.57800D+03       0.57820D-01      -0.16346D-02       0.52034D+00       0.22384D+00
       0.57900D+03       0.57919D-01       0.51713D-01       0.52035D+00       0.22427D+00
       0.58000D+03       0.57870D-01       0.41041D-01       0.52036D+00       0.22397D+00
       0.58100D+03       0.57864D-01       0.94745D-01       0.52033D+00       0.22361D+00
       0.58200D+03       0.57651D-01       0.95651D-01       0.52035D+00       0.22326D+00
       0.58300D+03       0.57797D-01       0.21825D-01       0.52032D+00       0.22296D+00
       0.58400D+03       0.57777D-01       0.36779D-01       0.52034D+00       0.22257D+00
       0.58500D+03       0.57848D-01      -0.50727D-02       0.52035D+00       0.22385D+00
       0.58600D+03       0.57954D-01       0.51796D-01       0.52035D+00       0.22435D+00
       0.58700D+03       0.57896D-01       0.42206D-01       0.52036D+00       0.22405D+00
       0.58800D+03       0.57841D-01       0.88079D-01       0.52033D+00       0.22369D+00
       0.58900D+03       0.57638D-01       0.89879D-01       0.52035D+00       0.22334D+00
       0.59000D+03       0.57810D-01       0.12747D-01       0.52032D+00       0.22305D+00
       0.59100D+03       0.57799D-01       0.29152D-01       0.52034D+00       0.22266D+00
       0.59200D+03       0.57862D-01      -0.95866D-02       0.52035D+00       0.22392D+00
       0.59300D+03       0.57984D-01       0.50843D-01       0.52034D+00       0.22442D+00
       0.59400D+03       0.57914D-01       0.42250D-01       0.52036D+00       0.22414D+00
       0.59500D+03       0.57816D-01       0.79908D-01       0.52033D+00       0.22379D+00
       0.59600D+03       0.57627D-01       0.82782D-01       0.52035D+00       0.22344D+00
       0.59700D+03       0.57814D-01       0.35374D-02       0.52032D+00       0.22315D+00
       0.59800D+03       0.57812D-01       0.21499D-01       0.52034D+00       0.22277D+00
       0.59900D+03       0.57868D-01      -0.14282D-01       0.52035D+00       0.22402D+00
       0.60000D+03       0.57999D-01       0.49718D-01       0.52034D+00       0.22451D+00
       0.60100D+03       0.57920D-01       0.42018D-01       0.52036D+00       0.22424D+00
       0.60200D+03       0.57786D-01       0.71327D-01       0.52033D+00       0.22389D+00
       0.60300D+03       0.57613D-01       0.75217D-01       0.52035D+00       0.22355D+00
       0.60400D+03       0.57808D-01      -0.49931D-02       0.52033D+00       0.22330D+00
       0.60500D+03       0.57814D-01       0.14639D-01       0.52034D+00       0.22292D+00
       0.60600D+03       0.57864D-01      -0.18357D-01       0.52035D+00       0.22416D+00
       0.60700D+03       0.58005D-01       0.49170D-01       0.52034D+00       0.22465D+00
       0.60800D+03       0.57916D-01       0.42228D-01       0.52036D+00       0.22432D+00
       0.60900D+03       0.57756D-01       0.63213D-01       0.52033D+00       0.22398D+00
       0.61000D+03       0.57599D-01       0.67882D-01       0.52034D+00       0.22364D+00
       0.61100D+03       0.57796D-01      -0.12211D-01       0.52033D+00       0.22338D+00
       0.61200D+03       0.57809D-01       0.92146D-02       0.52034D+00       0.22301D+00
       0.61300D+03       0.57849D-01      -0.21178D-01       0.52035D+00       0.22420D+00
       0.61400D+03       0.58001D-01       0.49742D-01       0.52034D+00       0.22467D+00
       0.61500D+03       0.57902D-01       0.43398D-01       0.52036D+00       0.22436D+00
       0.61600D+03       0.57726D-01       0.56152D-01       0.52032D+00       0.22402D+00
       0.61700D+03       0.57583D-01       0.61334D-01       0.52034D+00       0.22368D+00
       0.61800D+03       0.57776D-01      -0.17658D-01       0.52033D+00       0.22343D+00
       0.61900D+03       0.57796D-01       0.56936D-02       0.52034D+00       0.22306D+00
       0.62000D+03       0.57831D-01      -0.22276D-01       0.52035D+00       0.22424D+00
       0.62100D+03       0.58003D-01       0.51767D-01       0.52034D+00       0.22548D+00
       0.62200D+03       0.57887D-01       0.45862D-01       0.52036D+00       0.22517D+00
       0.62300D+03       0.57703D-01       0.50474D-01       0.52032D+00       0.22483D+00
       0.62400D+03       0.57575D-01       0.56003D-01       0.52034D+00       0.22449D+00
       0.62500D+03       0.57757D-01      -0.21045D-01       0.52033D+00       0.22424D+00
       0.62600D+03       0.57784D-01       0.43762D-02       0.52034D+00       0.22387D+00
       0.62700D+03       0.57811D-01      -0.21343D-01       0.52035D+00       0.22504D+00
       0.62800D+03       0.57992D-01       0.55380D-01       0.52034D+00       0.22626D+00
       0.62900D+03       0.57865D-01       0.49809D-01       0.52036D+00       0.22596D+00
       0.63000D+03       0.57683D-01       0.46317D-01       0.52032D+00       0.22563D+00
       0.63100D+03       0.57567D-01       0.52170D-01       0.52034D+00       0.22528D+00
       0.63200D+03       0.57738D-01      -0.22273D-01       0.52033D+00       0.22509D+00
       0.63300D+03       0.57771D-01       0.53760D-02       0.52034D+00       0.22554D+00
       0.63400D+03       0.57791D-01      -0.18252D-01       0.52036D+00       0.22593D+00
       0.63500D+03       0.57977D-01       0.60517D-01       0.52034D+00       0.22639D+00
       0.63600D+03       0.57839D-01       0.55281D-01       0.52036D+00       0.22609D+00
       0.63700D+03       0.57670D-01       0.43655D-01       0.52032D+00       0.22577D+00
       0.63800D+03       0.57567D-01       0.49930D-01       0.52034D+00       0.22542D+00
       0.63900D+03       0.57721D-01      -0.21441D-01       0.52033D+00       0.22517D+00
       0.64000D+03       0.57759D-01       0.86067D-02       0.52034D+00       0.22562D+00
       0.64100D+03       0.57772D-01      -0.13077D-01       0.52036D+00       0.22601D+00
       0.64200D+03       0.57959D-01       0.66920D-01       0.52034D+00       0.22571D+00
       0.64300D+03       0.57810D-01       0.62165D-01       0.52036D+00       0.22542D+00
       0.64400D+03       0.57658D-01       0.42323D-01       0.52032D+00       0.22511D+00
       0.64500D+03       0.57568D-01       0.49173D-01       0.52034D+00       0.22475D+00
       0.64600D+03       0.57708D-01      -0.18833D-01       0.52034D+00       0.22451D+00
       0.64700D+03       0.57753D-01       0.13793D-01       0.52035D+00       0.22496D+00
       0.64800D+03       0.57760D-01      -0.60798D-02       0.52036D+00       0.22537D+00
       0.64900D+03       0.57942D-01       0.74176D-01       0.52034D+00       0.22583D+00
       0.65000D+03       0.57783D-01       0.70162D-01       0.52036D+00       0.22555D+00
       0.65100D+03       0.57657D-01       0.42007D-01       0.52032D+00       0.22524D+00
       0.65200D+03       0.57577D-01       0.49594D-01       0.52034D+00       0.22488D+00
       0.65300D+03       0.57705D-01      -0.14897D-01       0.52034D+00       0.22465D+00
       0.65400D+03       0.57754D-01       0.20488D-01       0.52035D+00       0.22510D+00
       0.65500D+03       0.57754D-01       0.23031D-02       0.52036D+00       0.22549D+00
       0.65600D+03       0.57926D-01       0.81747D-01       0.52034D+00       0.22521D+00
       0.65700D+03       0.57756D-01       0.78725D-01       0.52036D+00       0.22489D+00
       0.65800D+03       0.57663D-01       0.42216D-01       0.52032D+00       0.22459D+00
       0.65900D+03       0.57595D-01       0.50679D-01       0.52034D+00       0.22424D+00
       0.66000D+03       0.57710D-01      -0.10244D-01       0.52034D+00       0.22401D+00
       0.66100D+03       0.57764D-01       0.28076D-01       0.52035D+00       0.22445D+00
       0.66200D+03       0.57757D-01       0.11463D-01       0.52036D+00       0.22484D+00
       0.66300D+03       0.57912D-01       0.88957D-01       0.52034D+00       0.22530D+00
       0.66400D+03       0.57734D-01       0.87014D-01       0.52036D+00       0.22499D+00
       0.66500D+03       0.57680D-01       0.42259D-01       0.52032D+00       0.22469D+00
       0.66600D+03       0.57623D-01       0.51707D-01       0.52034D+00       0.22436D+00
       0.66700D+03       0.57722D-01      -0.56520D-02       0.52034D+00       0.22415D+00
       0.66800D+03       0.57781D-01       0.35761D-01       0.52035D+00       0.22459D+00
       0.66900D+03       0.57767D-01       0.20613D-01       0.52036D+00       0.22498D+00
       0.67000D+03       0.57898D-01       0.94968D-01       0.52034D+00       0.22543D+00
       0.67100D+03       0.57714D-01       0.93955D-01       0.52035D+00       0.22512D+00
       0.67200D+03       0.57703D-01       0.41299D-01       0.52032D+00       0.22483D+00
       0.67300D+03       0.57656D-01       0.51817D-01       0.52034D+00       0.22449D+00
       0.67400D+03       0.57746D-01      -0.20136D-02       0.52034D+00       0.22423D+00
       0.67500D+03       0.57810D-01       0.42629D-01       0.52035D+00       0.22531D+00
       0.67600D+03       0.57789D-01       0.28847D-01       0.52036D+00       0.22512D+00
       0.67700D+03       0.57889D-01       0.98842D-01       0.52034D+00       0.22491D+00
       0.67800D+03       0.57702D-01       0.98470D-01       0.52035D+00       0.22459D+00
       0.67900D+03       0.57735D-01       0.38554D-01       0.52032D+00       0.22432D+00
       0.68000D+03       0.57697D-01       0.50219D-01       0.52034D+00       0.22399D+00
       0.68100D+03       0.57779D-01      -0.13924D-03       0.52034D+00       0.22373D+00
       0.68200D+03       0.57852D-01       0.47842D-01       0.52035D+00       0.22481D+00
       0.68300D+03       0.57824D-01       0.35337D-01       0.52036D+00       0.22462D+00
       0.68400D+03       0.57885D-01       0.99772D-01       0.52033D+00       0.22441D+00
       0.68500D+03       0.57699D-01       0.99833D-01       0.52035D+00       0.22410D+00
       0.68600D+03       0.57772D-01       0.33586D-01       0.52032D+00       0.22384D+00
       0.68700D+03       0.57743D-01       0.46471D-01       0.52034D+00       0.22350D+00
       0.68800D+03       0.57814D-01      -0.48537D-03       0.52034D+00       0.22394D+00
       0.68900D+03       0.57893D-01       0.50921D-01       0.52035D+00       0.22431D+00
       0.69000D+03       0.57856D-01       0.39613D-01       0.52036D+00       0.22412D+00
       0.69100D+03       0.57875D-01       0.97408D-01       0.52033D+00       0.22391D+00
       0.69200D+03       0.57693D-01       0.97944D-01       0.52035D+00       0.22359D+00
       0.69300D+03       0.57800D-01       0.26495D-01       0.52033D+00       0.22334D+00
       0.69400D+03       0.57779D-01       0.40683D-01       0.52034D+00       0.22302D+00
       0.69500D+03       0.57843D-01      -0.29657D-02       0.52034D+00       0.22345D+00
       0.69600D+03       0.57928D-01       0.51932D-01       0.52035D+00       0.22387D+00
       0.69700D+03       0.57883D-01       0.41748D-01       0.52036D+00       0.22362D+00
       0.69800D+03       0.57860D-01       0.92056D-01       0.52033D+00       0.22332D+00
       0.69900D+03       0.57685D-01       0.93324D-01       0.52035D+00       0.22303D+00
       0.70000D+03       0.57818D-01       0.17887D-01       0.52033D+00       0.22279D+00
       0.70100D+03       0.57804D-01       0.33469D-01       0.52034D+00       0.22246D+00
       0.70200D+03       0.57861D-01      -0.69885D-02       0.52035D+00       0.22352D+00
       0.70300D+03       0.57953D-01       0.51451D-01       0.52034D+00       0.22394D+00
       0.70400D+03       0.57901D-01       0.42312D-01       0.52036D+00       0.22369D+00
       0.70500D+03       0.57838D-01       0.84585D-01       0.52033D+00       0.22340D+00
       0.70600D+03       0.57673D-01       0.86851D-01       0.52035D+00       0.22310D+00
       0.70700D+03       0.57823D-01       0.86408D-02       0.52033D+00       0.22286D+00
       0.70800D+03       0.57817D-01       0.25720D-01       0.52034D+00       0.22254D+00
       0.70900D+03       0.57868D-01      -0.11691D-01       0.52035D+00       0.22359D+00
       0.71000D+03       0.57973D-01       0.50318D-01       0.52034D+00       0.22401D+00
       0.71100D+03       0.57911D-01       0.42135D-01       0.52036D+00       0.22378D+00
       0.71200D+03       0.57814D-01       0.76107D-01       0.52033D+00       0.22348D+00
       0.71300D+03       0.57662D-01       0.79450D-01       0.52035D+00       0.22320D+00
       0.71400D+03       0.57823D-01      -0.35856D-03       0.52033D+00       0.22299D+00
       0.71500D+03       0.57824D-01       0.18327D-01       0.52034D+00       0.22267D+00
       0.71600D+03       0.57869D-01      -0.16201D-01       0.52035D+00       0.22371D+00
       0.71700D+03       0.57983D-01       0.49368D-01       0.52034D+00       0.22413D+00
       0.71800D+03       0.57912D-01       0.42021D-01       0.52036D+00       0.22390D+00
       0.71900D+03       0.57789D-01       0.67641D-01       0.52033D+00       0.22365D+00
       0.72000D+03       0.57649D-01       0.71911D-01       0.52034D+00       0.22337D+00
       0.72100D+03       0.57815D-01      -0.83763D-02       0.52033D+00       0.22315D+00
       0.72200D+03       0.57822D-01       0.12033D-01       0.52034D+00       0.22284D+00
       0.72300D+03       0.57860D-01      -0.19790D-01       0.52035D+00       0.22385D+00
       0.72400D+03       0.57982D-01       0.49260D-01       0.52034D+00       0.22425D+00
       0.72500D+03       0.57903D-01       0.42603D-01       0.52036D+00       0.22398D+00
       0.72600D+03       0.57762D-01       0.59937D-01       0.52033D+00       0.22369D+00
       0.72700D+03       0.57635D-01       0.64862D-01       0.52034D+00       0.22340D+00
       0.72800D+03       0.57800D-01      -0.14858D-01       0.52033D+00       0.22319D+00
       0.72900D+03       0.57814D-01       0.74018D-02       0.52034D+00       0.22288D+00
       0.73000D+03       0.57846D-01      -0.21898D-01       0.52035D+00       0.22388D+00
       0.73100D+03       0.57986D-01       0.50445D-01       0.52034D+00       0.22493D+00
       0.73200D+03       0.57896D-01       0.44313D-01       0.52036D+00       0.22467D+00
       0.73300D+03       0.57744D-01       0.53460D-01       0.52033D+00       0.22438D+00
       0.73400D+03       0.57629D-01       0.58807D-01       0.52034D+00       0.22409D+00
       0.73500D+03       0.57789D-01      -0.19419D-01       0.52033D+00       0.22388D+00
       0.73600D+03       0.57809D-01       0.48283D-02       0.52034D+00       0.22357D+00
       0.73700D+03       0.57835D-01      -0.22126D-01       0.52035D+00       0.22456D+00
       0.73800D+03       0.57984D-01       0.53167D-01       0.52034D+00       0.22560D+00
       0.73900D+03       0.57882D-01       0.47418D-01       0.52036D+00       0.22534D+00
       0.74000D+03       0.57726D-01       0.48447D-01       0.52033D+00       0.22506D+00
       0.74100D+03       0.57622D-01       0.54114D-01       0.52034D+00       0.22477D+00
       0.74200D+03       0.57773D-01      -0.21853D-01       0.52033D+00       0.22456D+00
       0.74300D+03       0.57798D-01       0.45328D-02       0.52034D+00       0.22490D+00
       0.74400D+03       0.57818D-01      -0.20243D-01       0.52035D+00       0.22523D+00
       0.74500D+03       0.57974D-01       0.57474D-01       0.52034D+00       0.22627D+00
       0.74600D+03       0.57862D-01       0.52042D-01       0.52036D+00       0.22601D+00
       0.74700D+03       0.57711D-01       0.44962D-01       0.52033D+00       0.22573D+00
       0.74800D+03       0.57618D-01       0.50985D-01       0.52034D+00       0.22544D+00
       0.74900D+03       0.57757D-01      -0.22146D-01       0.52033D+00       0.22528D+00
       0.75000D+03       0.57787D-01       0.65410D-02       0.52034D+00       0.22565D+00
       0.75100D+03       0.57802D-01      -0.16210D-01       0.52035D+00       0.22599D+00
       0.75200D+03       0.57960D-01       0.63212D-01       0.52034D+00       0.22638D+00
       0.75300D+03       0.57839D-01       0.58162D-01       0.52036D+00       0.22613D+00
       0.75400D+03       0.57701D-01       0.42918D-01       0.52033D+00       0.22585D+00
       0.75500D+03       0.57618D-01       0.49426D-01       0.52034D+00       0.22555D+00
       0.75600D+03       0.57744D-01      -0.20484D-01       0.52034D+00       0.22535D+00
       0.75700D+03       0.57778D-01       0.10680D-01       0.52034D+00       0.22572D+00
       0.75800D+03       0.57787D-01      -0.10187D-01       0.52036D+00       0.22605D+00
       0.75900D+03       0.57944D-01       0.70051D-01       0.52034D+00       0.22644D+00
       0.76000D+03       0.57814D-01       0.65589D-01       0.52036D+00       0.22619D+00
       0.76100D+03       0.57693D-01       0.42083D-01       0.52033D+00       0.22592D+00
       0.76200D+03       0.57621D-01       0.49239D-01       0.52034D+00       0.22562D+00
       0.76300D+03       0.57735D-01      -0.17225D-01       0.52034D+00       0.22542D+00
       0.76400D+03       0.57775D-01       0.16598D-01       0.52035D+00       0.22580D+00
       0.76500D+03       0.57778D-01      -0.25136D-02       0.52036D+00       0.22614D+00
       0.76600D+03       0.57930D-01       0.77521D-01       0.52034D+00       0.22653D+00
       0.76700D+03       0.57790D-01       0.73920D-01       0.52036D+00       0.22629D+00
       0.76800D+03       0.57694D-01       0.42071D-01       0.52033D+00       0.22603D+00
       0.76900D+03       0.57631D-01       0.50030D-01       0.52034D+00       0.22573D+00
       0.77000D+03       0.57735D-01      -0.12886D-01       0.52034D+00       0.22553D+00
       0.77100D+03       0.57779D-01       0.23775D-01       0.52035D+00       0.22590D+00
       0.77200D+03       0.57776D-01       0.62987D-02       0.52036D+00       0.22624D+00
       0.77300D+03       0.57917D-01       0.85025D-01       0.52034D+00       0.22663D+00
       0.77400D+03       0.57768D-01       0.82483D-01       0.52035D+00       0.22636D+00
       0.77500D+03       0.57703D-01       0.42304D-01       0.52033D+00       0.22610D+00
       0.77600D+03       0.57649D-01       0.51190D-01       0.52034D+00       0.22580D+00
       0.77700D+03       0.57739D-01      -0.81548D-02       0.52034D+00       0.22561D+00
       0.77800D+03       0.57787D-01       0.31514D-01       0.52035D+00       0.22598D+00
       0.77900D+03       0.57778D-01       0.15561D-01       0.52036D+00       0.22631D+00
       0.78000D+03       0.57902D-01       0.91817D-01       0.52034D+00       0.22670D+00
       0.78100D+03       0.57747D-01       0.90316D-01       0.52035D+00       0.22643D+00
       0.78200D+03       0.57717D-01       0.42009D-01       0.52033D+00       0.22618D+00
       0.78300D+03       0.57672D-01       0.51920D-01       0.52034D+00       0.22589D+00
       0.78400D+03       0.57753D-01      -0.38734D-02       0.52034D+00       0.22572D+00
       0.78500D+03       0.57806D-01       0.38952D-01       0.52035D+00       0.22608D+00
       0.78600D+03       0.57791D-01       0.24419D-01       0.52036D+00       0.22592D+00
       0.78700D+03       0.57892D-01       0.96998D-01       0.52034D+00       0.22574D+00
       0.78800D+03       0.57733D-01       0.96305D-01       0.52035D+00       0.22546D+00
       0.78900D+03       0.57741D-01       0.40343D-01       0.52033D+00       0.22523D+00
       0.79000D+03       0.57704D-01       0.51359D-01       0.52034D+00       0.22494D+00
       0.79100D+03       0.57777D-01      -0.92937D-03       0.52034D+00       0.22472D+00
       0.79200D+03       0.57834D-01       0.45177D-01       0.52035D+00       0.22564D+00
       0.79300D+03       0.57813D-01       0.31969D-01       0.52036D+00       0.22547D+00
       0.79400D+03       0.57885D-01       0.99650D-01       0.52034D+00       0.22523D+00
       0.79500D+03       0.57725D-01       0.99483D-01       0.52035D+00       0.22496D+00
       0.79600D+03       0.57769D-01       0.36640D-01       0.52033D+00       0.22473D+00
       0.79700D+03       0.57740D-01       0.48834D-01       0.52034D+00       0.22445D+00
       0.79800D+03       0.57807D-01      -0.10173D-04       0.52034D+00       0.22483D+00
       0.79900D+03       0.57872D-01       0.49476D-01       0.52035D+00       0.22515D+00
       0.80000D+03       0.57845D-01       0.37509D-01       0.52036D+00       0.22498D+00
       0.80100D+03       0.57882D-01       0.99131D-01       0.52033D+00       0.22480D+00
       0.80200D+03       0.57724D-01       0.99381D-01       0.52035D+00       0.22453D+00
       0.80300D+03       0.57800D-01       0.30688D-01       0.52033D+00       0.22431D+00
       0.80400D+03       0.57778D-01       0.44138D-01       0.52034D+00       0.22403D+00
       0.80500D+03       0.57836D-01      -0.13439D-02       0.52034D+00       0.22440D+00
       0.80600D+03       0.57906D-01       0.51599D-01       0.52034D+00       0.22472D+00
       0.80700D+03       0.57871D-01       0.40796D-01       0.52036D+00       0.22449D+00
       0.80800D+03       0.57871D-01       0.95370D-01       0.52033D+00       0.22425D+00
       0.80900D+03       0.57718D-01       0.96191D-01       0.52035D+00       0.22398D+00
       0.81000D+03       0.57820D-01       0.22828D-01       0.52033D+00       0.22377D+00
       0.81100D+03       0.57805D-01       0.37620D-01       0.52034D+00       0.22349D+00
       0.81200D+03       0.57857D-01      -0.46017D-02       0.52034D+00       0.22386D+00
       0.81300D+03       0.57933D-01       0.51857D-01       0.52034D+00       0.22422D+00
       0.81400D+03       0.57892D-01       0.42144D-01       0.52036D+00       0.22401D+00
       0.81500D+03       0.57856D-01       0.88951D-01       0.52033D+00       0.22376D+00
       0.81600D+03       0.57709D-01       0.90635D-01       0.52035D+00       0.22350D+00
       0.81700D+03       0.57830D-01       0.13824D-01       0.52033D+00       0.22329D+00
       0.81800D+03       0.57822D-01       0.30055D-01       0.52034D+00       0.22302D+00
       0.81900D+03       0.57868D-01      -0.90368D-02       0.52035D+00       0.22393D+00
       0.82000D+03       0.57955D-01       0.50978D-01       0.52034D+00       0.22429D+00
       0.82100D+03       0.57906D-01       0.42275D-01       0.52036D+00       0.22409D+00
       0.82200D+03       0.57838D-01       0.80897D-01       0.52033D+00       0.22383D+00
       0.82300D+03       0.57700D-01       0.83644D-01       0.52035D+00       0.22358D+00
       0.82400D+03       0.57834D-01       0.45849D-02       0.52033D+00       0.22337D+00
       0.82500D+03       0.57832D-01       0.22360D-01       0.52034D+00       0.22309D+00
       0.82600D+03       0.57873D-01      -0.13755D-01       0.52035D+00       0.22400D+00
       0.82700D+03       0.57968D-01       0.49832D-01       0.52034D+00       0.22436D+00
       0.82800D+03       0.57911D-01       0.42035D-01       0.52036D+00       0.22416D+00
       0.82900D+03       0.57816D-01       0.72312D-01       0.52033D+00       0.22390D+00
       0.83000D+03       0.57689D-01       0.76094D-01       0.52034D+00       0.22366D+00
       0.83100D+03       0.57831D-01      -0.40603D-02       0.52033D+00       0.22347D+00
       0.83200D+03       0.57835D-01       0.15372D-01       0.52034D+00       0.22320D+00
       0.83300D+03       0.57871D-01      -0.17937D-01       0.52035D+00       0.22410D+00
       0.83400D+03       0.57973D-01       0.49185D-01       0.52034D+00       0.22445D+00
       0.83500D+03       0.57908D-01       0.42163D-01       0.52036D+00       0.22422D+00
       0.83600D+03       0.57794D-01       0.64109D-01       0.52033D+00       0.22397D+00
       0.83700D+03       0.57678D-01       0.68702D-01       0.52034D+00       0.22372D+00
       0.83800D+03       0.57822D-01      -0.11457D-01       0.52033D+00       0.22353D+00
       0.83900D+03       0.57831D-01       0.97538D-02       0.52034D+00       0.22326D+00
       0.84000D+03       0.57861D-01      -0.20931D-01       0.52035D+00       0.22413D+00
       0.84100D+03       0.57970D-01       0.49605D-01       0.52034D+00       0.22448D+00
       0.84200D+03       0.57899D-01       0.43201D-01       0.52036D+00       0.22425D+00
       0.84300D+03       0.57772D-01       0.56904D-01       0.52033D+00       0.22400D+00
       0.84400D+03       0.57666D-01       0.62038D-01       0.52034D+00       0.22375D+00
       0.84500D+03       0.57808D-01      -0.17128D-01       0.52033D+00       0.22357D+00
       0.84600D+03       0.57822D-01       0.59932D-02       0.52034D+00       0.22330D+00
       0.84700D+03       0.57847D-01      -0.22249D-01       0.52035D+00       0.22416D+00
       0.84800D+03       0.57972D-01       0.51451D-01       0.52034D+00       0.22506D+00
       0.84900D+03       0.57888D-01       0.45503D-01       0.52036D+00       0.22484D+00
       0.85000D+03       0.57754D-01       0.51056D-01       0.52033D+00       0.22459D+00
       0.85100D+03       0.57659D-01       0.56548D-01       0.52034D+00       0.22434D+00
       0.85200D+03       0.57793D-01      -0.20763D-01       0.52033D+00       0.22416D+00
       0.85300D+03       0.57812D-01       0.44106D-02       0.52034D+00       0.22389D+00
       0.85400D+03       0.57833D-01      -0.21561D-01       0.52035D+00       0.22474D+00
       0.85500D+03       0.57965D-01       0.54880D-01       0.52034D+00       0.22565D+00
       0.85600D+03       0.57873D-01       0.49272D-01       0.52036D+00       0.22542D+00
       0.85700D+03       0.57739D-01       0.46720D-01       0.52033D+00       0.22518D+00
       0.85800D+03       0.57653D-01       0.52533D-01       0.52034D+00       0.22492D+00
       0.85900D+03       0.57779D-01      -0.22240D-01       0.52034D+00       0.22478D+00
       0.86000D+03       0.57803D-01       0.51422D-02       0.52034D+00       0.22511D+00
       0.86100D+03       0.57818D-01      -0.18721D-01       0.52035D+00       0.22540D+00
       0.86200D+03       0.57955D-01       0.59850D-01       0.52034D+00       0.22630D+00
       0.86300D+03       0.57854D-01       0.54570D-01       0.52036D+00       0.22608D+00
       0.86400D+03       0.57728D-01       0.43891D-01       0.52033D+00       0.22584D+00
       0.86500D+03       0.57651D-01       0.50110D-01       0.52034D+00       0.22558D+00
       0.86600D+03       0.57766D-01      -0.21635D-01       0.52034D+00       0.22544D+00
       0.86700D+03       0.57793D-01       0.81248D-02       0.52034D+00       0.22577D+00
       0.86800D+03       0.57804D-01      -0.13777D-01       0.52035D+00       0.22606D+00
       0.86900D+03       0.57942D-01       0.66124D-01       0.52034D+00       0.22584D+00
       0.87000D+03       0.57833D-01       0.61302D-01       0.52036D+00       0.22563D+00
       0.87100D+03       0.57719D-01       0.42418D-01       0.52033D+00       0.22539D+00
       0.87200D+03       0.57651D-01       0.49193D-01       0.52034D+00       0.22513D+00
       0.87300D+03       0.57755D-01      -0.19213D-01       0.52034D+00       0.22495D+00
       0.87400D+03       0.57788D-01       0.13104D-01       0.52034D+00       0.22529D+00
       0.87500D+03       0.57794D-01      -0.69724D-02       0.52035D+00       0.22558D+00
       0.87600D+03       0.57930D-01       0.73307D-01       0.52034D+00       0.22593D+00
       0.87700D+03       0.57812D-01       0.69193D-01       0.52035D+00       0.22572D+00
       0.87800D+03       0.57716D-01       0.42006D-01       0.52033D+00       0.22549D+00
       0.87900D+03       0.57657D-01       0.49499D-01       0.52034D+00       0.22522D+00
       0.88000D+03       0.57752D-01      -0.15404D-01       0.52034D+00       0.22505D+00
       0.88100D+03       0.57788D-01       0.19652D-01       0.52035D+00       0.22538D+00
       0.88200D+03       0.57789D-01       0.12775D-02       0.52036D+00       0.22568D+00
       0.88300D+03       0.57918D-01       0.80873D-01       0.52034D+00       0.22546D+00
       0.88400D+03       0.57792D-01       0.77727D-01       0.52035D+00       0.22526D+00
       0.88500D+03       0.57720D-01       0.42186D-01       0.52033D+00       0.22503D+00
       0.88600D+03       0.57669D-01       0.50541D-01       0.52034D+00       0.22477D+00
       0.88700D+03       0.57755D-01      -0.10797D-01       0.52034D+00       0.22460D+00
       0.88800D+03       0.57795D-01       0.27174D-01       0.52035D+00       0.22493D+00
       0.88900D+03       0.57791D-01       0.10385D-01       0.52036D+00       0.22522D+00
       0.89000D+03       0.57908D-01       0.88165D-01       0.52034D+00       0.22556D+00
       0.89100D+03       0.57775D-01       0.86100D-01       0.52035D+00       0.22533D+00
       0.89200D+03       0.57731D-01       0.42289D-01       0.52033D+00       0.22511D+00
       0.89300D+03       0.57688D-01       0.51618D-01       0.52034D+00       0.22485D+00
       0.89400D+03       0.57763D-01      -0.61531D-02       0.52034D+00       0.22470D+00
       0.89500D+03       0.57807D-01       0.34894D-01       0.52035D+00       0.22503D+00
       0.89600D+03       0.57797D-01       0.19581D-01       0.52036D+00       0.22532D+00
       0.89700D+03       0.57897D-01       0.94362D-01       0.52034D+00       0.22565D+00
       0.89800D+03       0.57760D-01       0.93256D-01       0.52035D+00       0.22542D+00
       0.89900D+03       0.57748D-01       0.41489D-01       0.52033D+00       0.22521D+00
       0.90000D+03       0.57712D-01       0.51879D-01       0.52034D+00       0.22495D+00
       0.90100D+03       0.57780D-01      -0.23586D-02       0.52034D+00       0.22476D+00
       0.90200D+03       0.57827D-01       0.41903D-01       0.52035D+00       0.22556D+00
       0.90300D+03       0.57812D-01       0.27967D-01       0.52036D+00       0.22542D+00
       0.90400D+03       0.57890D-01       0.98531D-01       0.52034D+00       0.22526D+00
       0.90500D+03       0.57750D-01       0.98099D-01       0.52035D+00       0.22502D+00
       0.90600D+03       0.57771D-01       0.38983D-01       0.52033D+00       0.22482D+00
       0.90700D+03       0.57742D-01       0.50510D-01       0.52034D+00       0.22457D+00
       0.90800D+03       0.57803D-01      -0.24702D-03       0.52034D+00       0.22438D+00
