  -3.3055067970091945E-005  -613.87547959531128     
  -1.0033055067970092E-002   0.0000000000000000     
   149474.33497722796       -3171.0997756986180     
 
   14898187.437883755      -0.14339624630593484     
  -316065.22183079505        3865.9459612817823     
 
   6.7122312098729966E-008   2.4897108481935543E-012
   5.4876681349800737E-006   2.5866910632642526E-004
 
   996.60816455142742        919.74245155494611     
 
 
   7.2718313837370416E-005  -2247.8826809661405     
  -9.9272816861626298E-003   1.5856096697989415     
   150143.01577250194       -14423.327268068955     
 
   15124230.272456164      -0.32894062856542722     
  -830406.85396990157        3897.3302397770349     
 
   6.6119373755496401E-008   5.5805761958549526E-012
   1.4088100768669526E-005   2.5658709234912874E-004
 
   995.45758539195822        920.72711210034777     
 
 
   7.9275509029525307E-005  -2222.5608618519364     
  -9.9207244909704749E-003   1.0198058969690464     
   149191.69951637066       -9850.7293986513250     
 
   15038356.480886582      -0.30208934414988586     
  -592421.04751694098        3896.3134214001957     
 
   6.6496831324609560E-008   5.1556386743851795E-012
   1.0110614370372108E-005   2.5665364824514010E-004
 
   995.52059402099701        920.69084233552530     
 
 
   2.2364426772190915E-005  -2193.2258983257329     
  -9.9776355732278093E-003  0.49501123160280258     
   148451.24448404837       -3542.9662596964772     
 
   14878386.743192863      -0.24977802182339218     
  -161953.83010276029        3892.9418975063959     
 
   6.7211634948929240E-008   4.3124171033256314E-012
   2.7961325891917574E-006   2.5687532070617651E-004
 
   995.59616488913343        920.65429818380062     
 
 
   3.6716930014025432E-005  -2179.6159011519148     
  -5.5121385223308212E-004   1.8427196000834556     
   8414.1457726667504       -8398.3931560021447     
 
   15264574.789826563       -5.4647525568350307E-002
  -2234857.3703658907        3889.0934982009940     
 
   6.5511294682207871E-008   9.2053074908528844E-013
   3.7645893530322489E-005   2.5712985756642454E-004
 
   995.57193132094790        920.63596446807787     
 
 
   1.7594961038371396E-005  -2165.9335413124136     
  -9.9824050389616288E-003  -2.1346503197628408     
   147990.08388186089        8350.6314650499917     
 
   14825128.864893032      -0.16733527711867141     
   5255.9779287196989        3887.3646365703694     
 
   6.7453038273881123E-008   2.9035796503037730E-012
  -9.1201035544067240E-008   2.5724368003231626E-004
 
   995.56705594825678        920.61756814402656     
 
 
  -3.2207201889917353E-006  -2153.6762837899378     
  -1.0003220720188992E-002   0.0000000000000000     
   148176.12946381373        472.06882669414335     
 
   14812842.144406291      -0.13235522453756526     
   47191.683548572757        3883.9110463338766     
 
   6.7508981847239501E-008   2.3005589839983420E-012
  -8.2027174927924423E-007   2.5747239818395788E-004
 
   995.54397736128522        920.59915358450155     
 
 
   2.5411957863809786E-006   2063.8995183692900     
  -9.4420118210504001E-006  -1.4334217609989537     
   73.239533894875763        5363.4481865573907     
 
   7753258.6213577483        2.3143460813551297E-002
  -18257227.552897114        3861.9709115290170     
 
   1.2897620699150877E-007  -7.7290996249546350E-013
   6.0972700569131223E-004   2.5893149164373848E-004
 
   2003.5142500858390        1848.8517673377560     
 
 
  -1.1883839985009532E-004   2018.4977785284834     
  -1.0118838399850096E-002   0.0000000000000000     
   151270.08235026008       -4071.5813924192917     
 
   14949352.521777704       0.85719807911897716     
  -402376.36293109844        3861.2628765552240     
 
   6.6892129491823731E-008  -1.4850013257767147E-011
   6.9707276179156949E-006   2.5898107864590861E-004
 
   2003.2782318310083        1848.8669106336492     
 
 
   9.1699933368561901E-005   2559.0226546736794     
  -9.9083000666314383E-003  -2.5750650372997370     
   149414.29652360614        17048.716048054572     
 
   15079707.034206910        1.3324630930754089E-002
   706004.31779796584        3904.1396133112535     
 
   6.6314296260508923E-008  -2.2632733729379624E-013
  -1.1991932699339218E-005   2.5613842199150716E-004
 
   2002.3230312138005        1848.0874639442129     
 
 
  -1.5095851920931359E-006   2526.3932128159749     
  -2.5039937070258651E-005  0.23077294085715039     
   111.76211823794574       -254.34034429658641     
 
   4463354.8510179743        2.7532595307423501E-005
   25753629.450528346        3896.5123108853750     
 
   2.2404672587092733E-007  -1.5831049259423106E-015
  -1.4808156364769414E-003   2.5663977449194179E-004
 
   2002.3916597684747        1848.1292848966959     
 
 
   3.3036346188640431E-006   847.98356542861438     
  -9.9966963653811362E-003  -5.6143375871359922     
   148724.76912232995        18181.372819137439     
 
   14877291.345072670       0.17897148331072141     
  -354371.98775641475        3869.3651110169408     
 
   6.7216462665502517E-008  -3.1089932536718022E-012
   6.1559534448969911E-006   2.5844004625272038E-004
 
   1325.1810840921037        1222.8389786572147     
 
 
  -4.3812524461121077E-005   786.51899887819206     
  -1.0043812524461121E-002   0.0000000000000000     
   149369.61758203609       -3727.0923534591566     
 
   14871804.627799962       0.15872111074827347     
  -371083.42518162733        3868.6247765203470     
 
   6.7241266362554995E-008  -2.7587603093378251E-012
   6.4498680737423062E-006   2.5848952380675929E-004
 
   1325.1903425614180        1222.8456782262178     
 
 
   6.9912055604924735E-005   2222.2624537214974     
   6.1520935887244567E-005 -0.23322673173197472     
   157.92090378307716       -790.46980169232120     
 
  -2567004.1508574001       -1.5409914999663375E-002
   27332105.062659439        3820.4320530220061     
 
  -3.8957589868058904E-007  -1.5713750176074047E-012
   2.7871008422189298E-003   2.6176174189409510E-004
 
   1923.4975579846814        1773.1205430712141     
 
 
  -5.6740117607562146E-006   2238.6272747250327     
  -1.0005674011760756E-002   0.0000000000000000     
   146266.76359566100       -125.45150234691391     
 
   14618381.872499321      -0.67998122751272239     
  -12538.036138211928        3819.9182391628301     
 
   6.8407034471993839E-008   1.2177092900544849E-011
   2.2453094977910793E-007   2.6178574777453614E-004
 
   1923.5438043727968        1773.1567840881260     
 
 
   1.2570733582279667E-005  -1378.7469999559637     
   7.9141996474441498E-006  -9.9978347328033124E-002
   152.70713348570075       -500.26433461613487     
 
  -19295377.140983727       -3.3355299770441199E-003
   112230046.25808106        3880.3067692223331     
 
  -5.1826144290503704E-008  -4.4549997759644688E-014
   1.4989666840869158E-003   2.5771287151317782E-004
 
   72.563574664397393        67.233146166890052     
 
 
  -2.6383649997862441E-005  -1296.6386659295681     
  -1.0026383649997863E-002   0.0000000000000000     
   149782.45321884309       -4716.7066523824469     
 
   14938831.232422970      -0.13865733281453232     
  -470429.50050925789        3879.6878633281481     
 
   6.6939716359812877E-008   2.3923786801371127E-012
   8.1167399132889178E-006   2.5775298443407954E-004
 
   72.559283674493287        67.221838902687097     
 
 
   5.6362553837983193E-005   2652.7233204487061     
  -9.9436374461620170E-003   1.4234424143955948     
   149324.91458146047       -15193.693595046498     
 
   15017195.464100195       0.44439570874699386     
  -982878.99028182600        3807.8823613921491     
 
   6.6589821257513026E-008  -7.7713090911372903E-012
   1.7187961724926679E-005   2.6261114888485512E-004
 
   1843.8235127897731        1697.7355532253609     
 
 
   8.8354358385262962E-006   2664.8563069213405     
  -9.3868945277995754E-006  -5.6662168376988120E-002
   70.052181246782538        91.316573600182892     
 
   7462617.2594525293        2.4357185834310697E-002
  -13292957.226325601        3813.7644081676272     
 
   1.3399972007050710E-007  -8.5580957138123711E-013
   4.6705888371659574E-004   2.6220513821419589E-004
 
   1843.8371380786405        1697.7570261330650     
 
 
   9.9612997217726372E-006   2673.8109625167294     
  -7.6325076708931789E-004  -6.3192379791003077     
   11640.192027182842        21370.829741631336     
 
   15249335.580291832       0.17801955336908906     
  -3567977.2035567341        3812.8159057928328     
 
   6.5575911197519639E-008  -3.0617251689013966E-012
   6.1364975922318683E-005   2.6227048473940340E-004
 
   1843.9043355802291        1697.7784186591612     
 
 
   8.1128757667241203E-006   2679.9831120068839     
  -9.9918871242332761E-003   2.8080719899649011     
   150691.96445766318       -21637.873746173587     
 
   15081600.420461159       0.59991210334588996     
  -1094741.5770763699        3810.2083978109017     
 
   6.6305202590411520E-008  -1.0439663502826401E-011
   1.9050680297145723E-005   2.6244983656034177E-004
 
   1843.9004261031480        1697.7996235815372     
 
 
   5.0957495318273288E-006   2680.9870239460502     
  -9.9949042504681729E-003   3.3485823205483030     
   150939.26893389996       -23999.879427969699     
 
   15101829.685350243       0.61900167151427532     
  -1123986.3719015687        3812.2829424398033     
 
   6.6216341742491090E-008  -1.0751569817619768E-011
   1.9522754957979403E-005   2.6230684618127302E-004
 
   1843.9098845557305        1697.8205650074435     
 
 
   5.3370402175283160E-007   2676.0743191099459     
  -9.9994662959782474E-003   2.2016631880042041     
   151128.94704693765       -19663.002847656790     
 
   15113838.530624311       0.62313931805791056     
  -1126429.6812795217        3814.9828096673482     
 
   6.6163723030526866E-008  -1.0807182969458784E-011
   1.9535810556389259E-005   2.6212118805209699E-004
 
   1843.9176720401354        1697.8412824457678     
 
 
  -6.4645525920305896E-006   2664.8336818961779     
  -1.0006464552592031E-002   0.0000000000000000     
   151272.86239043964       -10987.076703046907     
 
   15117513.442972681       0.61440293485712638     
  -1097997.8638110231        3818.2685582035410     
 
   6.6147671492207076E-008  -1.0643914349989685E-011
   1.9021711251418208E-005   2.6189575137566178E-004
 
   1843.9237461768278        1697.8617452259350     
 
 
   3.7482790290574994E-006   2825.8839408234785     
  -4.7339763453130777E-006   3.5090082312763116E-002
   20.844820019215831       -38.266646907533868     
 
   4403303.1932738852        8.9238600666430284E-003
   20849365.509368069        3903.2980550658444     
 
   2.2710469422790898E-007  -5.1921490062419155E-013
  -1.2130738447466763E-003   2.5619637834302454E-004
 
   1393.1749487121433        1286.7784627388564     
 
 
  -4.9502169198373724E-005   2807.7445739453474     
  -1.2250798964878718E-004   2.5652337485994394     
   1340.9527594334052       -8242.3802509314264     
 
   10945833.036166988       -2.9593455460446774E-004
   14445246.768868512        3902.9731298494312     
 
   9.1358957936979251E-008   6.9270967610405421E-015
  -3.3812753714685588E-004   2.5621490762734405E-004
 
   1392.8352008423169        1286.8014180781418     
 
 
   4.1656919712269175E-005   312.59633023533894     
  -9.9583430802877310E-003  -2.6704303184258720     
   148770.46525521090        5096.9008348805364     
 
   14939263.064331669        5.9276560946955471E-002
  -520777.56615919672        3850.6837030192905     
 
   6.6937670156309456E-008  -1.0304234755912392E-012
   9.0528435043981337E-006   2.5969400254673700E-004
 
   1159.6699975356262        1070.4848452870733     
 
 
  -1.2580489041914486E-005   383.32289347183962     
  -1.0012580489041915E-002   0.0000000000000000     
   149603.01052985014       -5235.0797594921896     
 
   14941503.910363609        7.1762227406853146E-002
  -522850.20482199569        3849.5174976009343     
 
   6.6927623461581934E-008  -1.2476564498391012E-012
   9.0902617423990537E-006   2.5977264638640590E-004
 
   1159.6693811408652        1070.4873575622489     
 
 
  -3.9536312588885070E-005   271.77918918468561     
  -1.0039536312588885E-002   0.0000000000000000     
   151174.63932715100       -7837.7339932189498     
 
   15057930.428279683       0.14370847937329040     
  -780686.85138287302        3855.8676169012483     
 
   6.6410060298703075E-008  -2.4751079987245226E-012
   1.3445861223940730E-005   2.5934450221591735E-004
 
   1349.1207104445300        1244.5848523798552     
 
 
  -3.4515440280116771E-005  -1697.7013674800189     
  -1.0034515440280117E-002   0.0000000000000000     
   150521.06547210147       -912.35422908412875     
 
   15000332.240048815      -0.54645211505060953     
  -90921.602992579501        3870.9781715601334     
 
   6.6665247119240790E-008   9.4108940102853742E-012
   1.5658344902355534E-006   2.5833285834586233E-004
 
   997.94546412442105        920.91623351670501     
 
 
   1.1083888201615828E-004  -522.76377034967675     
  -9.8891611179838419E-003  -2.3040214376370614     
   147983.17745740461        10850.630766294460     
 
   14964178.308728071        3.1094128063060412E-003
   199595.02586484255        3852.7434042770146     
 
   6.6826256018448756E-008  -5.3933105441327356E-014
  -3.4619975687054206E-006   2.5955531054953148E-004
 
   995.96231342998749        921.09578113681221     
 
 
  -2.6834005419536023E-005  -614.62139512277190     
  -5.8580074076996597E-005  0.88806225482267109     
   137.84177650628897       -535.67569827468833     
 
   2353048.8499043323       -6.4421332274841370E-007
   49259418.382174157        3852.5408072606101     
 
   4.2498055088829570E-007   7.1064304439093819E-017
  -5.4338930611818655E-003   2.5956895631443661E-004
 
   995.93057134299522        921.08773231025941     
 
 
  -8.0886838926718524E-005   1795.1049296492495     
  -1.0080886838926719E-002   0.0000000000000000     
   150605.91617350097       -2629.0328801439609     
 
   14939748.712578101       0.85888209751056055     
  -260793.80932953241        3861.4622418483214     
 
   6.6935270233568512E-008  -1.4888014356998005E-011
   4.5206460686142533E-006   2.5896824950419974E-004
 
   1487.7974532932851        1373.4421694613666     
 
 
