       0.10000D+01       0.48110D-02       0.36463D-01       0.54144D+00       0.40009D-01
       0.20000D+01       0.14142D-01      -0.43279D-01       0.53469D+00       0.41100D-01
       0.30000D+01       0.10710D-01      -0.65016D-01       0.53712D+00       0.41894D-01
       0.40000D+01       0.11490D-01      -0.10129D+00       0.53288D+00       0.34056D-01
       0.50000D+01       0.91734D-02      -0.11533D+00       0.53420D+00       0.30146D-01
       0.60000D+01       0.80125D-02      -0.98840D-01       0.53168D+00       0.34802D-01
       0.70000D+01       0.71171D-02      -0.87304D-01       0.53280D+00       0.33294D-01
       0.80000D+01       0.11226D-01      -0.14499D-02       0.53188D+00       0.34076D-01
       0.90000D+01       0.12028D-01      -0.33073D-02       0.53267D+00       0.38561D-01
       0.10000D+02       0.13649D-01       0.84239D-01       0.53306D+00       0.41726D-01
       0.11000D+02       0.15411D-01       0.46954D-02       0.53309D+00       0.41907D-01
       0.12000D+02       0.15456D-01      -0.26078D-02       0.53389D+00       0.46417D-01
       0.13000D+02       0.17289D-01      -0.75324D-01       0.53314D+00       0.46079D-01
       0.14000D+02       0.16165D-01      -0.99151D-01       0.53370D+00       0.44167D-01
       0.15000D+02       0.15242D-01      -0.11339D+00       0.53273D+00       0.42818D-01
       0.16000D+02       0.14276D-01      -0.11255D+00       0.53313D+00       0.40333D-01
       0.17000D+02       0.14106D-01      -0.69786D-01       0.53238D+00       0.38508D-01
       0.18000D+02       0.13600D-01      -0.61051D-01       0.53279D+00       0.38344D-01
       0.19000D+02       0.14364D-01       0.33944D-01       0.53262D+00       0.38558D-01
       0.20000D+02       0.14472D-01      -0.19657D-02       0.53285D+00       0.38806D-01
       0.21000D+02       0.16779D-01       0.68310D-01       0.53320D+00       0.38676D-01
       0.22000D+02       0.16437D-01      -0.11097D-01       0.53306D+00       0.38925D-01
       0.23000D+02       0.16161D-01      -0.29207D-01       0.53347D+00       0.39688D-01
       0.24000D+02       0.16551D-01      -0.82134D-01       0.53296D+00       0.39231D-01
       0.25000D+02       0.15892D-01      -0.10247D+00       0.53325D+00       0.38390D-01
       0.26000D+02       0.15275D-01      -0.99148D-01       0.53269D+00       0.37752D-01
       0.27000D+02       0.14754D-01      -0.88717D-01       0.53294D+00       0.36950D-01
       0.28000D+02       0.15316D-01      -0.17120D-01       0.53258D+00       0.36555D-01
       0.29000D+02       0.15292D-01      -0.13370D-01       0.53282D+00       0.36854D-01
       0.30000D+02       0.15159D-01       0.78330D-01       0.53286D+00       0.37425D-01
       0.31000D+02       0.16817D-01       0.23900D-02       0.53293D+00       0.37389D-01
       0.32000D+02       0.16566D-01       0.19075D-01       0.53322D+00       0.37736D-01
       0.33000D+02       0.17013D-01      -0.59617D-01       0.53301D+00       0.38165D-01
       0.34000D+02       0.16598D-01      -0.82711D-01       0.53327D+00       0.37799D-01
       0.35000D+02       0.16349D-01      -0.11054D+00       0.53288D+00       0.37113D-01
       0.36000D+02       0.15874D-01      -0.11974D+00       0.53306D+00       0.36325D-01
       0.37000D+02       0.15556D-01      -0.95013D-01       0.53269D+00       0.35917D-01
       0.38000D+02       0.15227D-01      -0.83971D-01       0.53287D+00       0.35676D-01
       0.39000D+02       0.15856D-01       0.68569D-02       0.53272D+00       0.35813D-01
       0.40000D+02       0.15809D-01      -0.20929D-02       0.53286D+00       0.36733D-01
       0.41000D+02       0.16584D-01       0.82574D-01       0.53298D+00       0.37647D-01
       0.42000D+02       0.16613D-01       0.34529D-02       0.53297D+00       0.39185D-01
       0.43000D+02       0.16622D-01      -0.94616D-02       0.53320D+00       0.40311D-01
       0.44000D+02       0.17074D-01      -0.76642D-01       0.53296D+00       0.40260D-01
       0.45000D+02       0.16715D-01      -0.99894D-01       0.53314D+00       0.39866D-01
       0.46000D+02       0.16366D-01      -0.10798D+00       0.53283D+00       0.39400D-01
       0.47000D+02       0.16021D-01      -0.10264D+00       0.53296D+00       0.38720D-01
       0.48000D+02       0.16038D-01      -0.49562D-01       0.53271D+00       0.38110D-01
       0.49000D+02       0.15864D-01      -0.42500D-01       0.53286D+00       0.38170D-01
       0.50000D+02       0.15926D-01       0.52312D-01       0.53282D+00       0.38084D-01
       0.51000D+02       0.16414D-01      -0.15306D-02       0.53289D+00       0.38311D-01
       0.52000D+02       0.16989D-01       0.52740D-01       0.53305D+00       0.39900D-01
       0.53000D+02       0.16957D-01      -0.27076D-01       0.53297D+00       0.40367D-01
       0.54000D+02       0.16760D-01      -0.47218D-01       0.53315D+00       0.40560D-01
       0.55000D+02       0.16793D-01      -0.91363D-01       0.53292D+00       0.40230D-01
       0.56000D+02       0.16487D-01      -0.10885D+00       0.53304D+00       0.39601D-01
       0.57000D+02       0.16207D-01      -0.98885D-01       0.53279D+00       0.39315D-01
       0.58000D+02       0.15959D-01      -0.87476D-01       0.53290D+00       0.39051D-01
       0.59000D+02       0.16321D-01      -0.76002D-02       0.53276D+00       0.39001D-01
       0.60000D+02       0.16372D-01      -0.60951D-02       0.53287D+00       0.39210D-01
       0.61000D+02       0.16387D-01       0.83423D-01       0.53291D+00       0.39764D-01
       0.62000D+02       0.16956D-01       0.41733D-02       0.53293D+00       0.39804D-01
       0.63000D+02       0.16852D-01       0.55835D-02       0.53308D+00       0.40051D-01
       0.64000D+02       0.17157D-01      -0.70657D-01       0.53296D+00       0.40219D-01
       0.65000D+02       0.16925D-01      -0.94450D-01       0.53309D+00       0.39900D-01
       0.66000D+02       0.16734D-01      -0.11468D+00       0.53288D+00       0.39439D-01
       0.67000D+02       0.16474D-01      -0.11849D+00       0.53297D+00       0.38894D-01
       0.68000D+02       0.16339D-01      -0.84552D-01       0.53278D+00       0.38567D-01
       0.69000D+02       0.16160D-01      -0.74547D-01       0.53288D+00       0.38492D-01
       0.70000D+02       0.16418D-01       0.19305D-01       0.53281D+00       0.38501D-01
       0.71000D+02       0.16329D-01      -0.18328D-02       0.53289D+00       0.38634D-01
       0.72000D+02       0.17004D-01       0.77421D-01       0.53297D+00       0.38897D-01
       0.73000D+02       0.16907D-01      -0.16428D-02       0.53295D+00       0.39706D-01
       0.74000D+02       0.16860D-01      -0.17723D-01       0.53308D+00       0.40079D-01
       0.75000D+02       0.17067D-01      -0.77866D-01       0.53293D+00       0.39959D-01
       0.76000D+02       0.16848D-01      -0.99905D-01       0.53303D+00       0.39575D-01
       0.77000D+02       0.16627D-01      -0.10204D+00       0.53284D+00       0.39293D-01
       0.78000D+02       0.16422D-01      -0.93422D-01       0.53293D+00       0.38907D-01
       0.79000D+02       0.16530D-01      -0.30199D-01       0.53279D+00       0.38794D-01
       0.80000D+02       0.16459D-01      -0.24875D-01       0.53287D+00       0.38912D-01
       0.81000D+02       0.16409D-01       0.68588D-01       0.53287D+00       0.38900D-01
       0.82000D+02       0.17005D-01       0.26071D-03       0.53291D+00       0.38902D-01
       0.83000D+02       0.17051D-01       0.34365D-01       0.53301D+00       0.38959D-01
       0.84000D+02       0.17137D-01      -0.45318D-01       0.53295D+00       0.39050D-01
       0.85000D+02       0.16984D-01      -0.67237D-01       0.53306D+00       0.39105D-01
       0.86000D+02       0.16930D-01      -0.10252D+00       0.53290D+00       0.38856D-01
       0.87000D+02       0.16727D-01      -0.11605D+00       0.53298D+00       0.38573D-01
       0.88000D+02       0.16560D-01      -0.98673D-01       0.53282D+00       0.38797D-01
       0.89000D+02       0.16402D-01      -0.87162D-01       0.53290D+00       0.38632D-01
       0.90000D+02       0.16665D-01      -0.64419D-03       0.53282D+00       0.38656D-01
       0.91000D+02       0.16694D-01      -0.30974D-02       0.53288D+00       0.39044D-01
       0.92000D+02       0.16837D-01       0.84178D-01       0.53292D+00       0.39391D-01
       0.93000D+02       0.16986D-01       0.46737D-02       0.53293D+00       0.39441D-01
       0.94000D+02       0.16984D-01      -0.34587D-02       0.53303D+00       0.40056D-01
       0.95000D+02       0.17218D-01      -0.75627D-01       0.53294D+00       0.40064D-01
       0.96000D+02       0.17053D-01      -0.99420D-01       0.53302D+00       0.39847D-01
       0.97000D+02       0.16898D-01      -0.11294D+00       0.53288D+00       0.39866D-01
       0.98000D+02       0.16722D-01      -0.11153D+00       0.53294D+00       0.39492D-01
       0.99000D+02       0.16672D-01      -0.67602D-01       0.53282D+00       0.39179D-01
       0.10000D+03       0.16561D-01      -0.59048D-01       0.53288D+00       0.39140D-01
       0.10100D+03       0.16666D-01       0.35999D-01       0.53285D+00       0.39178D-01
       0.10200D+03       0.16697D-01      -0.19692D-02       0.53290D+00       0.39210D-01
       0.10300D+03       0.17136D-01       0.66794D-01       0.53297D+00       0.39162D-01
       0.10400D+03       0.17064D-01      -0.12668D-01       0.53294D+00       0.39330D-01
       0.10500D+03       0.16995D-01      -0.31019D-01       0.53303D+00       0.39415D-01
       0.10600D+03       0.17083D-01      -0.82970D-01       0.53292D+00       0.39360D-01
       0.10700D+03       0.16923D-01      -0.10303D+00       0.53298D+00       0.39159D-01
       0.10800D+03       0.16765D-01      -0.98987D-01       0.53285D+00       0.39001D-01
       0.10900D+03       0.16623D-01      -0.88393D-01       0.53291D+00       0.38790D-01
       0.11000D+03       0.16757D-01      -0.15782D-01       0.53282D+00       0.38690D-01
       0.11100D+03       0.16745D-01      -0.12249D-01       0.53288D+00       0.38748D-01
       0.11200D+03       0.16700D-01       0.79207D-01       0.53289D+00       0.38941D-01
       0.11300D+03       0.17127D-01       0.26442D-02       0.53291D+00       0.38921D-01
       0.11400D+03       0.17052D-01       0.17308D-01       0.53299D+00       0.39027D-01
       0.11500D+03       0.17182D-01      -0.61181D-01       0.53294D+00       0.39133D-01
       0.11600D+03       0.17058D-01      -0.84389D-01       0.53301D+00       0.38975D-01
       0.11700D+03       0.16975D-01      -0.11131D+00       0.53290D+00       0.38764D-01
       0.11800D+03       0.16824D-01      -0.11991D+00       0.53295D+00       0.38511D-01
       0.11900D+03       0.16719D-01      -0.94180D-01       0.53284D+00       0.38364D-01
       0.12000D+03       0.16607D-01      -0.83232D-01       0.53289D+00       0.38267D-01
       0.12100D+03       0.16795D-01       0.80383D-02       0.53285D+00       0.38303D-01
       0.12200D+03       0.16766D-01      -0.20240D-02       0.53289D+00       0.38395D-01
       0.12300D+03       0.17035D-01       0.82201D-01       0.53293D+00       0.38687D-01
       0.12400D+03       0.17029D-01       0.31150D-02       0.53293D+00       0.39200D-01
       0.12500D+03       0.17030D-01      -0.10246D-01       0.53301D+00       0.39440D-01
       0.12600D+03       0.17181D-01      -0.76696D-01       0.53293D+00       0.39419D-01
       0.12700D+03       0.17052D-01      -0.99844D-01       0.53299D+00       0.39287D-01
       0.12800D+03       0.16922D-01      -0.10725D+00       0.53288D+00       0.39127D-01
       0.12900D+03       0.16792D-01      -0.10147D+00       0.53293D+00       0.38884D-01
       0.13000D+03       0.16799D-01      -0.47219D-01       0.53284D+00       0.38649D-01
       0.13100D+03       0.16732D-01      -0.40353D-01       0.53289D+00       0.38661D-01
       0.13200D+03       0.16742D-01       0.54355D-01       0.53288D+00       0.38641D-01
       0.13300D+03       0.16946D-01      -0.13953D-02       0.53290D+00       0.38724D-01
       0.13400D+03       0.17143D-01       0.50712D-01       0.53296D+00       0.39343D-01
       0.13500D+03       0.17135D-01      -0.29127D-01       0.53293D+00       0.39484D-01
       0.13600D+03       0.17054D-01      -0.49488D-01       0.53300D+00       0.39570D-01
       0.13700D+03       0.17059D-01      -0.92616D-01       0.53291D+00       0.39437D-01
       0.13800D+03       0.16932D-01      -0.10971D+00       0.53296D+00       0.39255D-01
       0.13900D+03       0.16815D-01      -0.98943D-01       0.53286D+00       0.39142D-01
       0.14000D+03       0.16709D-01      -0.87483D-01       0.53290D+00       0.39067D-01
       0.14100D+03       0.16858D-01      -0.67615D-02       0.53284D+00       0.39058D-01
       0.14200D+03       0.16878D-01      -0.55886D-02       0.53289D+00       0.39174D-01
       0.14300D+03       0.16889D-01       0.83681D-01       0.53291D+00       0.39355D-01
       0.14400D+03       0.17112D-01       0.43013D-02       0.53292D+00       0.39377D-01
       0.14500D+03       0.17070D-01       0.43461D-02       0.53298D+00       0.39498D-01
       0.14600D+03       0.17215D-01      -0.71515D-01       0.53293D+00       0.39608D-01
       0.14700D+03       0.17112D-01      -0.95342D-01       0.53299D+00       0.39471D-01
       0.14800D+03       0.17023D-01      -0.11476D+00       0.53289D+00       0.39270D-01
       0.14900D+03       0.16904D-01      -0.11796D+00       0.53293D+00       0.39026D-01
       0.15000D+03       0.16843D-01      -0.82917D-01       0.53285D+00       0.38873D-01
       0.15100D+03       0.16759D-01      -0.73059D-01       0.53289D+00       0.38837D-01
       0.15200D+03       0.16869D-01       0.21017D-01       0.53286D+00       0.38843D-01
       0.15300D+03       0.16826D-01      -0.18438D-02       0.53290D+00       0.38896D-01
       0.15400D+03       0.17146D-01       0.76515D-01       0.53294D+00       0.39021D-01
       0.15500D+03       0.17097D-01      -0.25770D-02       0.53293D+00       0.39392D-01
       0.15600D+03       0.17072D-01      -0.18942D-01       0.53299D+00       0.39489D-01
       0.15700D+03       0.17164D-01      -0.78201D-01       0.53292D+00       0.39422D-01
       0.15800D+03       0.17058D-01      -0.10006D+00       0.53296D+00       0.39320D-01
       0.15900D+03       0.16949D-01      -0.10151D+00       0.53288D+00       0.39184D-01
       0.16000D+03       0.16848D-01      -0.92601D-01       0.53292D+00       0.38942D-01
       0.16100D+03       0.16904D-01      -0.28260D-01       0.53285D+00       0.38899D-01
       0.16200D+03       0.16874D-01      -0.23134D-01       0.53289D+00       0.38984D-01
       0.16300D+03       0.16843D-01       0.70124D-01       0.53289D+00       0.38979D-01
       0.16400D+03       0.17147D-01       0.52956D-03       0.53291D+00       0.38986D-01
       0.16500D+03       0.17156D-01       0.32285D-01       0.53296D+00       0.39015D-01
       0.16600D+03       0.17205D-01      -0.47324D-01       0.53293D+00       0.39058D-01
       0.16700D+03       0.17125D-01      -0.69419D-01       0.53298D+00       0.39089D-01
       0.16800D+03       0.17093D-01      -0.10371D+00       0.53290D+00       0.39056D-01
       0.16900D+03       0.16988D-01      -0.11673D+00       0.53294D+00       0.38907D-01
       0.17000D+03       0.16900D-01      -0.98449D-01       0.53286D+00       0.39021D-01
       0.17100D+03       0.16817D-01      -0.86971D-01       0.53290D+00       0.38898D-01
       0.17200D+03       0.16953D-01       0.18615D-03       0.53286D+00       0.38918D-01
       0.17300D+03       0.16964D-01      -0.29104D-02       0.53289D+00       0.39118D-01
       0.17400D+03       0.17054D-01       0.84085D-01       0.53292D+00       0.39306D-01
       0.17500D+03       0.17124D-01       0.46273D-02       0.53292D+00       0.39333D-01
       0.17600D+03       0.17126D-01      -0.42778D-02       0.53297D+00       0.39668D-01
       0.17700D+03       0.17250D-01      -0.75877D-01       0.53292D+00       0.39669D-01
       0.17800D+03       0.17160D-01      -0.99628D-01       0.53297D+00       0.39534D-01
       0.17900D+03       0.17074D-01      -0.11243D+00       0.53289D+00       0.39545D-01
       0.18000D+03       0.16978D-01      -0.11046D+00       0.53292D+00       0.39358D-01
       0.18100D+03       0.16952D-01      -0.65372D-01       0.53286D+00       0.39186D-01
       0.18200D+03       0.16891D-01      -0.57002D-01       0.53289D+00       0.39165D-01
       0.18300D+03       0.16941D-01       0.38077D-01       0.53288D+00       0.39195D-01
       0.18400D+03       0.16969D-01      -0.19633D-02       0.53290D+00       0.39209D-01
       0.18500D+03       0.17206D-01       0.65204D-01       0.53294D+00       0.39182D-01
       0.18600D+03       0.17168D-01      -0.14313D-01       0.53292D+00       0.39280D-01
       0.18700D+03       0.17123D-01      -0.32902D-01       0.53298D+00       0.39288D-01
       0.18800D+03       0.17167D-01      -0.83870D-01       0.53291D+00       0.39251D-01
       0.18900D+03       0.17075D-01      -0.10365D+00       0.53295D+00       0.39051D-01
       0.19000D+03       0.16985D-01      -0.98870D-01       0.53288D+00       0.38963D-01
       0.19100D+03       0.16903D-01      -0.88126D-01       0.53291D+00       0.38843D-01
       0.19200D+03       0.16983D-01      -0.14519D-01       0.53286D+00       0.38792D-01
       0.19300D+03       0.16977D-01      -0.11208D-01       0.53289D+00       0.38824D-01
       0.19400D+03       0.16951D-01       0.80000D-01       0.53290D+00       0.38981D-01
       0.19500D+03       0.17192D-01       0.28878D-02       0.53291D+00       0.38978D-01
       0.19600D+03       0.17147D-01       0.15597D-01       0.53296D+00       0.39050D-01
       0.19700D+03       0.17226D-01      -0.62670D-01       0.53292D+00       0.39120D-01
       0.19800D+03       0.17153D-01      -0.85985D-01       0.53297D+00       0.39029D-01
       0.19900D+03       0.17101D-01      -0.11200D+00       0.53290D+00       0.38913D-01
       0.20000D+03       0.17011D-01      -0.12000D+00       0.53293D+00       0.38769D-01
       0.20100D+03       0.16950D-01      -0.93257D-01       0.53287D+00       0.38679D-01
       0.20200D+03       0.16883D-01      -0.82409D-01       0.53290D+00       0.38619D-01
       0.20300D+03       0.16991D-01       0.92782D-02       0.53287D+00       0.38644D-01
       0.20400D+03       0.16969D-01      -0.19664D-02       0.53290D+00       0.38697D-01
       0.20500D+03       0.17140D-01       0.81782D-01       0.53292D+00       0.38948D-01
       0.20600D+03       0.17132D-01       0.27237D-02       0.53292D+00       0.39347D-01
       0.20700D+03       0.17131D-01      -0.11057D-01       0.53297D+00       0.39494D-01
       0.20800D+03       0.17228D-01      -0.76757D-01       0.53292D+00       0.39500D-01
       0.20900D+03       0.17150D-01      -0.99791D-01       0.53295D+00       0.39430D-01
       0.21000D+03       0.17070D-01      -0.10652D+00       0.53289D+00       0.39333D-01
       0.21100D+03       0.16990D-01      -0.10032D+00       0.53292D+00       0.39184D-01
       0.21200D+03       0.16997D-01      -0.44894D-01       0.53286D+00       0.39047D-01
       0.21300D+03       0.16956D-01      -0.38227D-01       0.53289D+00       0.39053D-01
       0.21400D+03       0.16958D-01       0.56363D-01       0.53289D+00       0.39040D-01
       0.21500D+03       0.17096D-01      -0.12403D-02       0.53290D+00       0.39089D-01
       0.21600D+03       0.17203D-01       0.48653D-01       0.53294D+00       0.39476D-01
       0.21700D+03       0.17202D-01      -0.31201D-01       0.53292D+00       0.39537D-01
       0.21800D+03       0.17151D-01      -0.51777D-01       0.53297D+00       0.39592D-01
       0.21900D+03       0.17149D-01      -0.93888D-01       0.53291D+00       0.39502D-01
       0.22000D+03       0.17068D-01      -0.11058D+00       0.53294D+00       0.39401D-01
       0.22100D+03       0.16995D-01      -0.98995D-01       0.53288D+00       0.39329D-01
       0.22200D+03       0.16927D-01      -0.87495D-01       0.53290D+00       0.39227D-01
       0.22300D+03       0.17015D-01      -0.59507D-02       0.53287D+00       0.39204D-01
       0.22400D+03       0.17027D-01      -0.51338D-02       0.53290D+00       0.39272D-01
       0.22500D+03       0.17039D-01       0.83887D-01       0.53291D+00       0.39393D-01
       0.22600D+03       0.17170D-01       0.44125D-02       0.53291D+00       0.39407D-01
       0.22700D+03       0.17148D-01       0.31683D-02       0.53296D+00       0.39465D-01
       0.22800D+03       0.17242D-01      -0.72292D-01       0.53292D+00       0.39531D-01
       0.22900D+03       0.17176D-01      -0.96144D-01       0.53296D+00       0.39444D-01
       0.23000D+03       0.17117D-01      -0.11477D+00       0.53290D+00       0.39316D-01
       0.23100D+03       0.17040D-01      -0.11735D+00       0.53292D+00       0.39159D-01
       0.23200D+03       0.17001D-01      -0.81196D-01       0.53287D+00       0.39057D-01
       0.23300D+03       0.16947D-01      -0.71491D-01       0.53290D+00       0.39050D-01
       0.23400D+03       0.17015D-01       0.22786D-01       0.53288D+00       0.39060D-01
       0.23500D+03       0.16987D-01      -0.18595D-02       0.53290D+00       0.39089D-01
       0.23600D+03       0.17175D-01       0.75534D-01       0.53293D+00       0.39151D-01
       0.23700D+03       0.17142D-01      -0.35929D-02       0.53292D+00       0.39461D-01
       0.23800D+03       0.17124D-01      -0.20232D-01       0.53296D+00       0.39526D-01
       0.23900D+03       0.17181D-01      -0.78595D-01       0.53291D+00       0.39473D-01
       0.24000D+03       0.17110D-01      -0.10026D+00       0.53294D+00       0.39401D-01
       0.24100D+03       0.17038D-01      -0.10102D+00       0.53289D+00       0.39397D-01
       0.24200D+03       0.16971D-01      -0.91841D-01       0.53291D+00       0.39247D-01
       0.24300D+03       0.17012D-01      -0.26393D-01       0.53287D+00       0.39225D-01
       0.24400D+03       0.16992D-01      -0.21465D-01       0.53290D+00       0.39282D-01
       0.24500D+03       0.16970D-01       0.71580D-01       0.53290D+00       0.39279D-01
       0.24600D+03       0.17174D-01       0.80463D-03       0.53291D+00       0.39280D-01
       0.24700D+03       0.17166D-01       0.30230D-01       0.53294D+00       0.39361D-01
       0.24800D+03       0.17203D-01      -0.49290D-01       0.53292D+00       0.39385D-01
       0.24900D+03       0.17149D-01      -0.71555D-01       0.53296D+00       0.39374D-01
       0.25000D+03       0.17125D-01      -0.10487D+00       0.53290D+00       0.39256D-01
       0.25100D+03       0.17053D-01      -0.11735D+00       0.53293D+00       0.39142D-01
       0.25200D+03       0.16995D-01      -0.98160D-01       0.53288D+00       0.39218D-01
       0.25300D+03       0.16939D-01      -0.86725D-01       0.53290D+00       0.39135D-01
       0.25400D+03       0.17031D-01       0.10469D-02       0.53287D+00       0.39153D-01
       0.25500D+03       0.17038D-01      -0.27439D-02       0.53290D+00       0.39295D-01
       0.25600D+03       0.17106D-01       0.83960D-01       0.53291D+00       0.39424D-01
       0.25700D+03       0.17146D-01       0.45538D-02       0.53291D+00       0.39450D-01
       0.25800D+03       0.17149D-01      -0.50710D-02       0.53295D+00       0.39682D-01
       0.25900D+03       0.17233D-01      -0.76079D-01       0.53292D+00       0.39679D-01
       0.26000D+03       0.17171D-01      -0.99780D-01       0.53295D+00       0.39587D-01
       0.26100D+03       0.17111D-01      -0.11187D+00       0.53289D+00       0.39502D-01
       0.26200D+03       0.17045D-01      -0.10937D+00       0.53292D+00       0.39374D-01
       0.26300D+03       0.17030D-01      -0.63101D-01       0.53287D+00       0.39257D-01
       0.26400D+03       0.16988D-01      -0.54919D-01       0.53290D+00       0.39241D-01
       0.26500D+03       0.17020D-01       0.40172D-01       0.53289D+00       0.39266D-01
       0.26600D+03       0.17047D-01      -0.19457D-02       0.53290D+00       0.39302D-01
       0.26700D+03       0.17205D-01       0.63542D-01       0.53293D+00       0.39566D-01
       0.26800D+03       0.17181D-01      -0.16029D-01       0.53292D+00       0.39643D-01
       0.26900D+03       0.17149D-01      -0.34854D-01       0.53295D+00       0.39648D-01
       0.27000D+03       0.17175D-01      -0.84830D-01       0.53291D+00       0.39608D-01
       0.27100D+03       0.17111D-01      -0.10431D+00       0.53294D+00       0.39468D-01
       0.27200D+03       0.17048D-01      -0.98793D-01       0.53288D+00       0.39406D-01
       0.27300D+03       0.16990D-01      -0.87913D-01       0.53291D+00       0.39300D-01
       0.27400D+03       0.17049D-01      -0.13327D-01       0.53287D+00       0.39266D-01
       0.27500D+03       0.17046D-01      -0.10247D-01       0.53290D+00       0.39286D-01
       0.27600D+03       0.17028D-01       0.80713D-01       0.53290D+00       0.39406D-01
       0.27700D+03       0.17192D-01       0.31189D-02       0.53291D+00       0.39404D-01
       0.27800D+03       0.17161D-01       0.13944D-01       0.53294D+00       0.39460D-01
       0.27900D+03       0.17219D-01      -0.64083D-01       0.53292D+00       0.39504D-01
       0.28000D+03       0.17167D-01      -0.87495D-01       0.53295D+00       0.39439D-01
       0.28100D+03       0.17129D-01      -0.11262D+00       0.53290D+00       0.39359D-01
       0.28200D+03       0.17065D-01      -0.12001D+00       0.53292D+00       0.39268D-01
       0.28300D+03       0.17022D-01      -0.92242D-01       0.53288D+00       0.39194D-01
       0.28400D+03       0.16975D-01      -0.81500D-01       0.53290D+00       0.39150D-01
       0.28500D+03       0.17050D-01       0.10578D-01       0.53288D+00       0.39170D-01
       0.28600D+03       0.17039D-01      -0.19195D-02       0.53290D+00       0.39221D-01
       0.28700D+03       0.17168D-01       0.81312D-01       0.53292D+00       0.39402D-01
       0.28800D+03       0.17159D-01       0.22747D-02       0.53292D+00       0.39689D-01
       0.28900D+03       0.17158D-01      -0.11899D-01       0.53295D+00       0.39795D-01
       0.29000D+03       0.17226D-01      -0.76831D-01       0.53291D+00       0.39795D-01
       0.29100D+03       0.17169D-01      -0.99744D-01       0.53294D+00       0.39746D-01
       0.29200D+03       0.17111D-01      -0.10580D+00       0.53289D+00       0.39676D-01
       0.29300D+03       0.17054D-01      -0.99189D-01       0.53291D+00       0.39568D-01
       0.29400D+03       0.17062D-01      -0.42597D-01       0.53287D+00       0.39476D-01
       0.29500D+03       0.17033D-01      -0.36128D-01       0.53290D+00       0.39480D-01
       0.29600D+03       0.17031D-01       0.58330D-01       0.53289D+00       0.39471D-01
       0.29700D+03       0.17140D-01      -0.10661D-02       0.53290D+00       0.39504D-01
       0.29800D+03       0.17207D-01       0.46568D-01       0.53293D+00       0.39785D-01
       0.29900D+03       0.17210D-01      -0.33291D-01       0.53292D+00       0.39802D-01
       0.30000D+03       0.17171D-01      -0.54079D-01       0.53295D+00       0.39842D-01
       0.30100D+03       0.17167D-01      -0.95174D-01       0.53291D+00       0.39773D-01
       0.30200D+03       0.17109D-01      -0.11144D+00       0.53293D+00       0.39697D-01
       0.30300D+03       0.17055D-01      -0.99036D-01       0.53288D+00       0.39644D-01
       0.30400D+03       0.17006D-01      -0.87506D-01       0.53290D+00       0.39568D-01
       0.30500D+03       0.17071D-01      -0.51606D-02       0.53288D+00       0.39562D-01
       0.30600D+03       0.17080D-01      -0.47265D-02       0.53290D+00       0.39612D-01
       0.30700D+03       0.17093D-01       0.84045D-01       0.53291D+00       0.39704D-01
       0.30800D+03       0.17182D-01       0.45065D-02       0.53291D+00       0.39713D-01
       0.30900D+03       0.17169D-01       0.20478D-02       0.53294D+00       0.39758D-01
       0.31000D+03       0.17239D-01      -0.72989D-01       0.53292D+00       0.39786D-01
       0.31100D+03       0.17189D-01      -0.96859D-01       0.53294D+00       0.39722D-01
       0.31200D+03       0.17145D-01      -0.11470D+00       0.53290D+00       0.39627D-01
       0.31300D+03       0.17088D-01      -0.11667D+00       0.53292D+00       0.39510D-01
       0.31400D+03       0.17061D-01      -0.79395D-01       0.53288D+00       0.39408D-01
       0.31500D+03       0.17022D-01      -0.69847D-01       0.53290D+00       0.39369D-01
       0.31600D+03       0.17069D-01       0.24607D-01       0.53289D+00       0.39379D-01
       0.31700D+03       0.17049D-01      -0.18790D-02       0.53290D+00       0.39402D-01
       0.31800D+03       0.17191D-01       0.74475D-01       0.53292D+00       0.39448D-01
       0.31900D+03       0.17164D-01      -0.46918D-02       0.53292D+00       0.39493D-01
       0.32000D+03       0.17149D-01      -0.21599D-01       0.53295D+00       0.39545D-01
       0.32100D+03       0.17189D-01      -0.79050D-01       0.53291D+00       0.39502D-01
       0.32200D+03       0.17136D-01      -0.10051D+00       0.53293D+00       0.39447D-01
       0.32300D+03       0.17082D-01      -0.10058D+00       0.53289D+00       0.39442D-01
       0.32400D+03       0.17032D-01      -0.91145D-01       0.53291D+00       0.39334D-01
       0.32500D+03       0.17061D-01      -0.24602D-01       0.53288D+00       0.39292D-01
       0.32600D+03       0.17047D-01      -0.19872D-01       0.53290D+00       0.39319D-01
       0.32700D+03       0.17028D-01       0.72953D-01       0.53290D+00       0.39322D-01
       0.32800D+03       0.17184D-01       0.10832D-02       0.53291D+00       0.39323D-01
       0.32900D+03       0.17172D-01       0.28204D-01       0.53293D+00       0.39383D-01
       0.33000D+03       0.17203D-01      -0.51212D-01       0.53292D+00       0.39399D-01
       0.33100D+03       0.17162D-01      -0.73639D-01       0.53294D+00       0.39392D-01
       0.33200D+03       0.17142D-01      -0.10598D+00       0.53290D+00       0.39290D-01
       0.33300D+03       0.17088D-01      -0.11792D+00       0.53292D+00       0.39178D-01
       0.33400D+03       0.17045D-01      -0.97803D-01       0.53288D+00       0.39129D-01
       0.33500D+03       0.17002D-01      -0.86418D-01       0.53290D+00       0.39068D-01
       0.33600D+03       0.17072D-01       0.19430D-02       0.53288D+00       0.39064D-01
       0.33700D+03       0.17075D-01      -0.25957D-02       0.53290D+00       0.39171D-01
       0.33800D+03       0.17133D-01       0.83804D-01       0.53291D+00       0.39272D-01
       0.33900D+03       0.17158D-01       0.44508D-02       0.53291D+00       0.39293D-01
       0.34000D+03       0.17161D-01      -0.58438D-02       0.53294D+00       0.39474D-01
       0.34100D+03       0.17224D-01      -0.76239D-01       0.53291D+00       0.39481D-01
       0.34200D+03       0.17177D-01      -0.99882D-01       0.53294D+00       0.39411D-01
       0.34300D+03       0.17131D-01      -0.11127D+00       0.53290D+00       0.39347D-01
       0.34400D+03       0.17080D-01      -0.10824D+00       0.53291D+00       0.39250D-01
       0.34500D+03       0.17069D-01      -0.60798D-01       0.53288D+00       0.39161D-01
       0.34600D+03       0.17039D-01      -0.52805D-01       0.53290D+00       0.39150D-01
       0.34700D+03       0.17060D-01       0.42280D-01       0.53289D+00       0.39157D-01
       0.34800D+03       0.17088D-01      -0.19143D-02       0.53290D+00       0.39183D-01
       0.34900D+03       0.17205D-01       0.61812D-01       0.53293D+00       0.39448D-01
       0.35000D+03       0.17188D-01      -0.17811D-01       0.53292D+00       0.39509D-01
       0.35100D+03       0.17162D-01      -0.36869D-01       0.53294D+00       0.39538D-01
       0.35200D+03       0.17179D-01      -0.85848D-01       0.53291D+00       0.39503D-01
       0.35300D+03       0.17130D-01      -0.10502D+00       0.53293D+00       0.39396D-01
       0.35400D+03       0.17081D-01      -0.98751D-01       0.53289D+00       0.39349D-01
       0.35500D+03       0.17038D-01      -0.87750D-01       0.53291D+00       0.39268D-01
       0.35600D+03       0.17085D-01      -0.12202D-01       0.53288D+00       0.39245D-01
       0.35700D+03       0.17086D-01      -0.93623D-02       0.53290D+00       0.39272D-01
       0.35800D+03       0.17074D-01       0.81349D-01       0.53290D+00       0.39353D-01
       0.35900D+03       0.17195D-01       0.33371D-02       0.53291D+00       0.39352D-01
       0.36000D+03       0.17172D-01       0.12351D-01       0.53293D+00       0.39401D-01
       0.36100D+03       0.17219D-01      -0.65416D-01       0.53292D+00       0.39433D-01
       0.36200D+03       0.17178D-01      -0.88915D-01       0.53294D+00       0.39383D-01
       0.36300D+03       0.17148D-01      -0.11316D+00       0.53290D+00       0.39324D-01
       0.36400D+03       0.17098D-01      -0.11994D+00       0.53292D+00       0.39255D-01
       0.36500D+03       0.17066D-01      -0.91134D-01       0.53288D+00       0.39187D-01
       0.36600D+03       0.17029D-01      -0.80504D-01       0.53290D+00       0.39153D-01
       0.36700D+03       0.17087D-01       0.11940D-01       0.53289D+00       0.39171D-01
       0.36800D+03       0.17075D-01      -0.18826D-02       0.53290D+00       0.39205D-01
       0.36900D+03       0.17182D-01       0.80788D-01       0.53292D+00       0.39253D-01
       0.37000D+03       0.17172D-01       0.17642D-02       0.53291D+00       0.39475D-01
       0.37100D+03       0.17168D-01      -0.12781D-01       0.53294D+00       0.39555D-01
       0.37200D+03       0.17219D-01      -0.76926D-01       0.53291D+00       0.39552D-01
       0.37300D+03       0.17175D-01      -0.99709D-01       0.53293D+00       0.39499D-01
       0.37400D+03       0.17130D-01      -0.10509D+00       0.53289D+00       0.39445D-01
       0.37500D+03       0.17085D-01      -0.98090D-01       0.53291D+00       0.39356D-01
       0.37600D+03       0.17093D-01      -0.40335D-01       0.53288D+00       0.39297D-01
       0.37700D+03       0.17073D-01      -0.34064D-01       0.53290D+00       0.39306D-01
       0.37800D+03       0.17069D-01       0.60249D-01       0.53290D+00       0.39302D-01
       0.37900D+03       0.17161D-01      -0.87336D-03       0.53291D+00       0.39329D-01
       0.38000D+03       0.17206D-01       0.44466D-01       0.53293D+00       0.39546D-01
       0.38100D+03       0.17210D-01      -0.35390D-01       0.53292D+00       0.39558D-01
       0.38200D+03       0.17180D-01      -0.56386D-01       0.53294D+00       0.39592D-01
       0.38300D+03       0.17175D-01      -0.96466D-01       0.53291D+00       0.39538D-01
       0.38400D+03       0.17128D-01      -0.11229D+00       0.53292D+00       0.39478D-01
       0.38500D+03       0.17087D-01      -0.99057D-01       0.53289D+00       0.39437D-01
       0.38600D+03       0.17048D-01      -0.87508D-01       0.53290D+00       0.39379D-01
       0.38700D+03       0.17101D-01      -0.43842D-02       0.53288D+00       0.39368D-01
       0.38800D+03       0.17107D-01      -0.43624D-02       0.53290D+00       0.39401D-01
       0.38900D+03       0.17120D-01       0.84159D-01       0.53291D+00       0.39472D-01
       0.39000D+03       0.17184D-01       0.45824D-02       0.53291D+00       0.39484D-01
       0.39100D+03       0.17176D-01       0.98209D-03       0.53294D+00       0.39524D-01
       0.39200D+03       0.17231D-01      -0.73611D-01       0.53291D+00       0.39542D-01
       0.39300D+03       0.17192D-01      -0.97488D-01       0.53294D+00       0.39485D-01
       0.39400D+03       0.17156D-01      -0.11456D+00       0.53290D+00       0.39411D-01
       0.39500D+03       0.17111D-01      -0.11593D+00       0.53292D+00       0.39316D-01
       0.39600D+03       0.17092D-01      -0.77516D-01       0.53288D+00       0.39237D-01
       0.39700D+03       0.17060D-01      -0.68130D-01       0.53290D+00       0.39206D-01
       0.39800D+03       0.17096D-01       0.26479D-01       0.53289D+00       0.39218D-01
       0.39900D+03       0.17082D-01      -0.19005D-02       0.53290D+00       0.39219D-01
       0.40000D+03       0.17196D-01       0.73336D-01       0.53292D+00       0.39257D-01
       0.40100D+03       0.17174D-01      -0.58744D-02       0.53291D+00       0.39289D-01
       0.40200D+03       0.17162D-01      -0.23042D-01       0.53294D+00       0.39331D-01
       0.40300D+03       0.17191D-01      -0.79569D-01       0.53291D+00       0.39294D-01
       0.40400D+03       0.17149D-01      -0.10082D+00       0.53293D+00       0.39250D-01
       0.40500D+03       0.17106D-01      -0.10019D+00       0.53289D+00       0.39246D-01
       0.40600D+03       0.17066D-01      -0.90514D-01       0.53291D+00       0.39163D-01
       0.40700D+03       0.17091D-01      -0.22888D-01       0.53288D+00       0.39133D-01
       0.40800D+03       0.17082D-01      -0.18358D-01       0.53290D+00       0.39161D-01
       0.40900D+03       0.17069D-01       0.74240D-01       0.53290D+00       0.39170D-01
       0.41000D+03       0.17194D-01       0.13627D-02       0.53291D+00       0.39172D-01
       0.41100D+03       0.17181D-01       0.26214D-01       0.53293D+00       0.39242D-01
       0.41200D+03       0.17207D-01      -0.53083D-01       0.53291D+00       0.39253D-01
       0.41300D+03       0.17174D-01      -0.75665D-01       0.53294D+00       0.39248D-01
       0.41400D+03       0.17157D-01      -0.10704D+00       0.53290D+00       0.39178D-01
       0.41500D+03       0.17113D-01      -0.11843D+00       0.53292D+00       0.39102D-01
       0.41600D+03       0.17079D-01      -0.97373D-01       0.53289D+00       0.39061D-01
       0.41700D+03       0.17045D-01      -0.86046D-01       0.53290D+00       0.38999D-01
       0.41800D+03       0.17101D-01       0.28794D-02       0.53289D+00       0.38998D-01
       0.41900D+03       0.17102D-01      -0.24642D-02       0.53290D+00       0.39084D-01
       0.42000D+03       0.17154D-01       0.83615D-01       0.53291D+00       0.39164D-01
       0.42100D+03       0.17169D-01       0.43155D-02       0.53291D+00       0.39309D-01
       0.42200D+03       0.17168D-01      -0.66025D-02       0.53293D+00       0.39437D-01
       0.42300D+03       0.17218D-01      -0.76365D-01       0.53291D+00       0.39440D-01
       0.42400D+03       0.17180D-01      -0.99941D-01       0.53293D+00       0.39383D-01
       0.42500D+03       0.17143D-01      -0.11063D+00       0.53290D+00       0.39329D-01
       0.42600D+03       0.17102D-01      -0.10709D+00       0.53291D+00       0.39251D-01
       0.42700D+03       0.17096D-01      -0.58469D-01       0.53288D+00       0.39182D-01
       0.42800D+03       0.17072D-01      -0.50668D-01       0.53290D+00       0.39178D-01
       0.42900D+03       0.17087D-01       0.44392D-01       0.53290D+00       0.39185D-01
       0.43000D+03       0.17116D-01      -0.18677D-02       0.53290D+00       0.39194D-01
       0.43100D+03       0.17206D-01       0.60018D-01       0.53292D+00       0.39412D-01
       0.43200D+03       0.17194D-01      -0.19654D-01       0.53291D+00       0.39462D-01
       0.43300D+03       0.17172D-01      -0.38944D-01       0.53294D+00       0.39487D-01
       0.43400D+03       0.17184D-01      -0.86919D-01       0.53291D+00       0.39456D-01
       0.43500D+03       0.17143D-01      -0.10576D+00       0.53292D+00       0.39370D-01
       0.43600D+03       0.17104D-01      -0.98741D-01       0.53289D+00       0.39332D-01
       0.43700D+03       0.17069D-01      -0.87631D-01       0.53291D+00       0.39267D-01
       0.43800D+03       0.17109D-01      -0.11141D-01       0.53289D+00       0.39250D-01
       0.43900D+03       0.17111D-01      -0.85518D-02       0.53290D+00       0.39272D-01
       0.44000D+03       0.17102D-01       0.81910D-01       0.53290D+00       0.39334D-01
       0.44100D+03       0.17197D-01       0.35413D-02       0.53291D+00       0.39333D-01
       0.44200D+03       0.17179D-01       0.10819D-01       0.53293D+00       0.39377D-01
       0.44300D+03       0.17219D-01      -0.66667D-01       0.53291D+00       0.39400D-01
       0.44400D+03       0.17185D-01      -0.90246D-01       0.53293D+00       0.39355D-01
       0.44500D+03       0.17159D-01      -0.11363D+00       0.53290D+00       0.39309D-01
       0.44600D+03       0.17119D-01      -0.11979D+00       0.53292D+00       0.39254D-01
       0.44700D+03       0.17094D-01      -0.89932D-01       0.53289D+00       0.39208D-01
       0.44800D+03       0.17064D-01      -0.79421D-01       0.53290D+00       0.39181D-01
       0.44900D+03       0.17107D-01       0.13364D-01       0.53289D+00       0.39188D-01
       0.45000D+03       0.17096D-01      -0.18557D-02       0.53290D+00       0.39215D-01
       0.45100D+03       0.17188D-01       0.80206D-01       0.53291D+00       0.39254D-01
       0.45200D+03       0.17178D-01       0.11882D-02       0.53291D+00       0.39433D-01
       0.45300D+03       0.17175D-01      -0.13708D-01       0.53293D+00       0.39500D-01
       0.45400D+03       0.17215D-01      -0.77048D-01       0.53291D+00       0.39494D-01
       0.45500D+03       0.17178D-01      -0.99693D-01       0.53293D+00       0.39428D-01
       0.45600D+03       0.17141D-01      -0.10440D+00       0.53290D+00       0.39380D-01
       0.45700D+03       0.17104D-01      -0.97026D-01       0.53291D+00       0.39307D-01
       0.45800D+03       0.17113D-01      -0.38114D-01       0.53289D+00       0.39265D-01
       0.45900D+03       0.17097D-01      -0.32041D-01       0.53290D+00       0.39282D-01
       0.46000D+03       0.17092D-01       0.62115D-01       0.53290D+00       0.39277D-01
       0.46100D+03       0.17173D-01      -0.66316D-03       0.53291D+00       0.39295D-01
       0.46200D+03       0.17203D-01       0.42352D-01       0.53292D+00       0.39477D-01
       0.46300D+03       0.17209D-01      -0.37490D-01       0.53291D+00       0.39486D-01
       0.46400D+03       0.17183D-01      -0.58689D-01       0.53293D+00       0.39499D-01
       0.46500D+03       0.17179D-01      -0.97757D-01       0.53291D+00       0.39443D-01
       0.46600D+03       0.17141D-01      -0.11313D+00       0.53292D+00       0.39392D-01
       0.46700D+03       0.17107D-01      -0.99052D-01       0.53289D+00       0.39359D-01
       0.46800D+03       0.17075D-01      -0.87493D-01       0.53290D+00       0.39334D-01
       0.46900D+03       0.17122D-01      -0.36145D-02       0.53289D+00       0.39328D-01
       0.47000D+03       0.17125D-01      -0.40374D-02       0.53290D+00       0.39394D-01
       0.47100D+03       0.17137D-01       0.84231D-01       0.53291D+00       0.39454D-01
       0.47200D+03       0.17183D-01       0.46400D-02       0.53291D+00       0.39465D-01
       0.47300D+03       0.17178D-01      -0.31436D-04       0.53293D+00       0.39528D-01
       0.47400D+03       0.17225D-01      -0.74159D-01       0.53291D+00       0.39539D-01
       0.47500D+03       0.17192D-01      -0.98034D-01       0.53293D+00       0.39482D-01
       0.47600D+03       0.17162D-01      -0.11434D+00       0.53290D+00       0.39421D-01
       0.47700D+03       0.17125D-01      -0.11511D+00       0.53291D+00       0.39343D-01
       0.47800D+03       0.17110D-01      -0.75564D-01       0.53289D+00       0.39279D-01
       0.47900D+03       0.17084D-01      -0.66344D-01       0.53290D+00       0.39256D-01
       0.48000D+03       0.17112D-01       0.28397D-01       0.53289D+00       0.39257D-01
       0.48100D+03       0.17102D-01      -0.19218D-02       0.53290D+00       0.39254D-01
       0.48200D+03       0.17198D-01       0.72118D-01       0.53292D+00       0.39287D-01
       0.48300D+03       0.17180D-01      -0.71406D-02       0.53291D+00       0.39308D-01
       0.48400D+03       0.17169D-01      -0.24563D-01       0.53293D+00       0.39345D-01
       0.48500D+03       0.17192D-01      -0.80154D-01       0.53291D+00       0.39329D-01
       0.48600D+03       0.17157D-01      -0.10118D+00       0.53292D+00       0.39281D-01
       0.48700D+03       0.17121D-01      -0.99843D-01       0.53290D+00       0.39278D-01
       0.48800D+03       0.17088D-01      -0.89949D-01       0.53291D+00       0.39211D-01
       0.48900D+03       0.17110D-01      -0.21253D-01       0.53289D+00       0.39189D-01
       0.49000D+03       0.17104D-01      -0.16925D-01       0.53290D+00       0.39213D-01
       0.49100D+03       0.17092D-01       0.75442D-01       0.53290D+00       0.39219D-01
       0.49200D+03       0.17195D-01       0.16409D-02       0.53291D+00       0.39210D-01
       0.49300D+03       0.17182D-01       0.24263D-01       0.53293D+00       0.39226D-01
       0.49400D+03       0.17206D-01      -0.54898D-01       0.53291D+00       0.39246D-01
       0.49500D+03       0.17178D-01      -0.77627D-01       0.53293D+00       0.39238D-01
       0.49600D+03       0.17162D-01      -0.10805D+00       0.53290D+00       0.39170D-01
       0.49700D+03       0.17126D-01      -0.11887D+00       0.53292D+00       0.39095D-01
       0.49800D+03       0.17098D-01      -0.96865D-01       0.53289D+00       0.39061D-01
       0.49900D+03       0.17070D-01      -0.85603D-01       0.53290D+00       0.39009D-01
       0.50000D+03       0.17116D-01       0.38607D-02       0.53289D+00       0.39011D-01
       0.50100D+03       0.17115D-01      -0.23475D-02       0.53290D+00       0.39082D-01
       0.50200D+03       0.17163D-01       0.83392D-01       0.53291D+00       0.39150D-01
       0.50300D+03       0.17173D-01       0.41447D-02       0.53291D+00       0.39273D-01
       0.50400D+03       0.17172D-01      -0.73537D-02       0.53293D+00       0.39365D-01
       0.50500D+03       0.17213D-01      -0.76462D-01       0.53291D+00       0.39366D-01
       0.50600D+03       0.17181D-01      -0.99964D-01       0.53293D+00       0.39330D-01
       0.50700D+03       0.17149D-01      -0.10996D+00       0.53290D+00       0.39284D-01
       0.50800D+03       0.17115D-01      -0.10592D+00       0.53291D+00       0.39219D-01
       0.50900D+03       0.17111D-01      -0.56122D-01       0.53289D+00       0.39170D-01
       0.51000D+03       0.17092D-01      -0.48514D-01       0.53290D+00       0.39166D-01
       0.51100D+03       0.17102D-01       0.46503D-01       0.53290D+00       0.39173D-01
       0.51200D+03       0.17132D-01      -0.18045D-02       0.53290D+00       0.39191D-01
       0.51300D+03       0.17203D-01       0.58165D-01       0.53292D+00       0.39419D-01
       0.51400D+03       0.17195D-01      -0.21553D-01       0.53291D+00       0.39471D-01
       0.51500D+03       0.17176D-01      -0.41071D-01       0.53293D+00       0.39494D-01
       0.51600D+03       0.17184D-01      -0.88038D-01       0.53291D+00       0.39466D-01
       0.51700D+03       0.17150D-01      -0.10655D+00       0.53292D+00       0.39395D-01
       0.51800D+03       0.17117D-01      -0.98756D-01       0.53289D+00       0.39363D-01
       0.51900D+03       0.17087D-01      -0.87550D-01       0.53291D+00       0.39307D-01
       0.52000D+03       0.17122D-01      -0.10137D-01       0.53289D+00       0.39296D-01
       0.52100D+03       0.17126D-01      -0.78121D-02       0.53290D+00       0.39318D-01
       0.52200D+03       0.17120D-01       0.82400D-01       0.53291D+00       0.39373D-01
       0.52300D+03       0.17196D-01       0.37302D-02       0.53291D+00       0.39373D-01
       0.52400D+03       0.17183D-01       0.93486D-02       0.53293D+00       0.39413D-01
       0.52500D+03       0.17217D-01      -0.67837D-01       0.53291D+00       0.39429D-01
       0.52600D+03       0.17189D-01      -0.91485D-01       0.53293D+00       0.39391D-01
       0.52700D+03       0.17166D-01      -0.11402D+00       0.53290D+00       0.39353D-01
       0.52800D+03       0.17132D-01      -0.11956D+00       0.53291D+00       0.39308D-01
       0.52900D+03       0.17111D-01      -0.88637D-01       0.53289D+00       0.39274D-01
       0.53000D+03       0.17086D-01      -0.78252D-01       0.53290D+00       0.39266D-01
       0.53100D+03       0.17122D-01       0.14849D-01       0.53289D+00       0.39262D-01
       0.53200D+03       0.17111D-01      -0.18383D-02       0.53290D+00       0.39283D-01
       0.53300D+03       0.17192D-01       0.79563D-01       0.53291D+00       0.39316D-01
       0.53400D+03       0.17183D-01       0.54322D-03       0.53291D+00       0.39466D-01
       0.53500D+03       0.17180D-01      -0.14686D-01       0.53293D+00       0.39523D-01
       0.53600D+03       0.17213D-01      -0.77204D-01       0.53291D+00       0.39515D-01
       0.53700D+03       0.17182D-01      -0.99701D-01       0.53292D+00       0.39459D-01
       0.53800D+03       0.17150D-01      -0.10373D+00       0.53290D+00       0.39419D-01
       0.53900D+03       0.17119D-01      -0.96004D-01       0.53291D+00       0.39356D-01
       0.54000D+03       0.17128D-01      -0.35941D-01       0.53289D+00       0.39326D-01
       0.54100D+03       0.17115D-01      -0.30067D-01       0.53290D+00       0.39341D-01
       0.54200D+03       0.17109D-01       0.63920D-01       0.53290D+00       0.39337D-01
       0.54300D+03       0.17182D-01      -0.43718D-03       0.53291D+00       0.39347D-01
       0.54400D+03       0.17202D-01       0.40233D-01       0.53292D+00       0.39347D-01
       0.54500D+03       0.17209D-01      -0.39584D-01       0.53291D+00       0.39354D-01
       0.54600D+03       0.17186D-01      -0.60981D-01       0.53293D+00       0.39361D-01
       0.54700D+03       0.17181D-01      -0.99041D-01       0.53291D+00       0.39311D-01
       0.54800D+03       0.17148D-01      -0.11395D+00       0.53292D+00       0.39268D-01
       0.54900D+03       0.17120D-01      -0.99013D-01       0.53289D+00       0.39920D-01
       0.55000D+03       0.17093D-01      -0.87454D-01       0.53290D+00       0.39891D-01
       0.55100D+03       0.17133D-01      -0.28446D-02       0.53289D+00       0.39887D-01
       0.55200D+03       0.17135D-01      -0.37477D-02       0.53290D+00       0.39942D-01
       0.55300D+03       0.17150D-01       0.84266D-01       0.53291D+00       0.39994D-01
       0.55400D+03       0.17185D-01       0.46784D-02       0.53291D+00       0.40002D-01
       0.55500D+03       0.17181D-01      -0.99606D-03       0.53293D+00       0.40054D-01
       0.55600D+03       0.17221D-01      -0.74636D-01       0.53291D+00       0.40060D-01
       0.55700D+03       0.17193D-01      -0.98501D-01       0.53293D+00       0.40011D-01
       0.55800D+03       0.17166D-01      -0.11406D+00       0.53290D+00       0.39958D-01
       0.55900D+03       0.17135D-01      -0.11424D+00       0.53291D+00       0.39891D-01
       0.56000D+03       0.17122D-01      -0.73543D-01       0.53289D+00       0.39836D-01
       0.56100D+03       0.17101D-01      -0.64494D-01       0.53290D+00       0.39828D-01
       0.56200D+03       0.17123D-01       0.30357D-01       0.53290D+00       0.39832D-01
       0.56300D+03       0.17118D-01      -0.19414D-02       0.53290D+00       0.39847D-01
       0.56400D+03       0.17200D-01       0.70820D-01       0.53292D+00       0.39877D-01
       0.56500D+03       0.17185D-01      -0.84899D-02       0.53291D+00       0.39890D-01
       0.56600D+03       0.17173D-01      -0.26163D-01       0.53293D+00       0.39917D-01
       0.56700D+03       0.17190D-01      -0.80806D-01       0.53291D+00       0.39900D-01
       0.56800D+03       0.17160D-01      -0.10159D+00       0.53292D+00       0.39863D-01
       0.56900D+03       0.17130D-01      -0.99550D-01       0.53290D+00       0.39859D-01
       0.57000D+03       0.17101D-01      -0.89449D-01       0.53291D+00       0.39819D-01
       0.57100D+03       0.17122D-01      -0.19697D-01       0.53289D+00       0.39802D-01
       0.57200D+03       0.17117D-01      -0.15574D-01       0.53290D+00       0.39821D-01
       0.57300D+03       0.17107D-01       0.76557D-01       0.53290D+00       0.39839D-01
       0.57400D+03       0.17195D-01       0.19159D-02       0.53291D+00       0.39832D-01
       0.57500D+03       0.17182D-01       0.22355D-01       0.53292D+00       0.39842D-01
       0.57600D+03       0.17204D-01      -0.56653D-01       0.53291D+00       0.39857D-01
       0.57700D+03       0.17180D-01      -0.79520D-01       0.53293D+00       0.39849D-01
       0.57800D+03       0.17166D-01      -0.10900D+00       0.53290D+00       0.39802D-01
       0.57900D+03       0.17135D-01      -0.11925D+00       0.53292D+00       0.39748D-01
       0.58000D+03       0.17111D-01      -0.96275D-01       0.53289D+00       0.39707D-01
       0.58100D+03       0.17087D-01      -0.85086D-01       0.53290D+00       0.39678D-01
       0.58200D+03       0.17127D-01       0.48904D-02       0.53289D+00       0.39680D-01
       0.58300D+03       0.17124D-01      -0.22447D-02       0.53290D+00       0.39736D-01
       0.58400D+03       0.17169D-01       0.83133D-01       0.53291D+00       0.39794D-01
       0.58500D+03       0.17175D-01       0.39349D-02       0.53291D+00       0.39899D-01
       0.58600D+03       0.17174D-01      -0.81042D-02       0.53293D+00       0.39979D-01
       0.58700D+03       0.17209D-01      -0.76538D-01       0.53291D+00       0.40007D-01
       0.58800D+03       0.17181D-01      -0.99957D-01       0.53292D+00       0.39978D-01
       0.58900D+03       0.17154D-01      -0.10926D+00       0.53290D+00       0.39941D-01
       0.59000D+03       0.17125D-01      -0.10474D+00       0.53291D+00       0.39885D-01
       0.59100D+03       0.17122D-01      -0.53765D-01       0.53289D+00       0.39843D-01
       0.59200D+03       0.17107D-01      -0.46352D-01       0.53290D+00       0.39847D-01
       0.59300D+03       0.17113D-01       0.48606D-01       0.53290D+00       0.39847D-01
       0.59400D+03       0.17144D-01      -0.17230D-02       0.53290D+00       0.39862D-01
       0.59500D+03       0.17201D-01       0.56257D-01       0.53292D+00       0.40060D-01
       0.59600D+03       0.17195D-01      -0.23501D-01       0.53291D+00       0.40103D-01
       0.59700D+03       0.17178D-01      -0.43246D-01       0.53293D+00       0.40120D-01
       0.59800D+03       0.17183D-01      -0.89201D-01       0.53291D+00       0.40094D-01
       0.59900D+03       0.17154D-01      -0.10735D+00       0.53292D+00       0.40033D-01
       0.60000D+03       0.17125D-01      -0.98792D-01       0.53290D+00       0.40005D-01
       0.60100D+03       0.17100D-01      -0.87502D-01       0.53291D+00       0.39966D-01
       0.60200D+03       0.17131D-01      -0.91856D-02       0.53289D+00       0.39956D-01
       0.60300D+03       0.17135D-01      -0.71396D-02       0.53290D+00       0.39979D-01
       0.60400D+03       0.17131D-01       0.82823D-01       0.53291D+00       0.40029D-01
       0.60500D+03       0.17193D-01       0.39036D-02       0.53291D+00       0.40028D-01
       0.60600D+03       0.17183D-01       0.79403D-02       0.53292D+00       0.40065D-01
       0.60700D+03       0.17213D-01      -0.68925D-01       0.53291D+00       0.40085D-01
       0.60800D+03       0.17188D-01      -0.92633D-01       0.53293D+00       0.40051D-01
       0.60900D+03       0.17168D-01      -0.11433D+00       0.53290D+00       0.40006D-01
       0.61000D+03       0.17139D-01      -0.11924D+00       0.53291D+00       0.39946D-01
       0.61100D+03       0.17121D-01      -0.87250D-01       0.53289D+00       0.39910D-01
       0.61200D+03       0.17100D-01      -0.76996D-01       0.53290D+00       0.39901D-01
       0.61300D+03       0.17130D-01       0.16397D-01       0.53290D+00       0.39898D-01
       0.61400D+03       0.17119D-01      -0.18293D-02       0.53290D+00       0.39913D-01
       0.61500D+03       0.17193D-01       0.78855D-01       0.53291D+00       0.39940D-01
       0.61600D+03       0.17182D-01      -0.17435D-03       0.53291D+00       0.40067D-01
       0.61700D+03       0.17179D-01      -0.15721D-01       0.53293D+00       0.40116D-01
       0.61800D+03       0.17207D-01      -0.77400D-01       0.53291D+00       0.40106D-01
       0.61900D+03       0.17180D-01      -0.99741D-01       0.53292D+00       0.40057D-01
       0.62000D+03       0.17152D-01      -0.10309D+00       0.53290D+00       0.40021D-01
       0.62100D+03       0.17125D-01      -0.95030D-01       0.53291D+00       0.39966D-01
       0.62200D+03       0.17135D-01      -0.33823D-01       0.53289D+00       0.39955D-01
       0.62300D+03       0.17124D-01      -0.28147D-01       0.53290D+00       0.39967D-01
       0.62400D+03       0.17118D-01       0.65661D-01       0.53290D+00       0.39964D-01
       0.62500D+03       0.17184D-01      -0.19692D-03       0.53291D+00       0.39985D-01
       0.62600D+03       0.17197D-01       0.38116D-01       0.53292D+00       0.39985D-01
       0.62700D+03       0.17205D-01      -0.41665D-01       0.53291D+00       0.39989D-01
       0.62800D+03       0.17184D-01      -0.63255D-01       0.53293D+00       0.39994D-01
       0.62900D+03       0.17179D-01      -0.10031D+00       0.53291D+00       0.39949D-01
       0.63000D+03       0.17151D-01      -0.11474D+00       0.53292D+00       0.39909D-01
       0.63100D+03       0.17126D-01      -0.98934D-01       0.53289D+00       0.39939D-01
       0.63200D+03       0.17103D-01      -0.87385D-01       0.53290D+00       0.39914D-01
       0.63300D+03       0.17138D-01      -0.20674D-02       0.53289D+00       0.39912D-01
       0.63400D+03       0.17143D-01      -0.34896D-02       0.53290D+00       0.39966D-01
       0.63500D+03       0.17158D-01       0.84264D-01       0.53291D+00       0.40013D-01
       0.63600D+03       0.17185D-01       0.46964D-02       0.53291D+00       0.40019D-01
       0.63700D+03       0.17183D-01      -0.19160D-02       0.53292D+00       0.40108D-01
       0.63800D+03       0.17217D-01      -0.75046D-01       0.53291D+00       0.40112D-01
       0.63900D+03       0.17193D-01      -0.98893D-01       0.53292D+00       0.40080D-01
       0.64000D+03       0.17170D-01      -0.11371D+00       0.53290D+00       0.40034D-01
       0.64100D+03       0.17142D-01      -0.11331D+00       0.53291D+00       0.39976D-01
       0.64200D+03       0.17132D-01      -0.71458D-01       0.53289D+00       0.39928D-01
       0.64300D+03       0.17114D-01      -0.62584D-01       0.53290D+00       0.39921D-01
       0.64400D+03       0.17132D-01       0.32356D-01       0.53290D+00       0.39925D-01
       0.64500D+03       0.17129D-01      -0.19574D-02       0.53290D+00       0.39938D-01
       0.64600D+03       0.17200D-01       0.69443D-01       0.53292D+00       0.39932D-01
       0.64700D+03       0.17189D-01      -0.99208D-02       0.53291D+00       0.39941D-01
       0.64800D+03       0.17178D-01      -0.27841D-01       0.53293D+00       0.39966D-01
       0.64900D+03       0.17192D-01      -0.81525D-01       0.53291D+00       0.39950D-01
       0.65000D+03       0.17165D-01      -0.10206D+00       0.53292D+00       0.39917D-01
       0.65100D+03       0.17139D-01      -0.99306D-01       0.53290D+00       0.39914D-01
       0.65200D+03       0.17114D-01      -0.89014D-01       0.53291D+00       0.39877D-01
       0.65300D+03       0.17134D-01      -0.18221D-01       0.53289D+00       0.39855D-01
       0.65400D+03       0.17130D-01      -0.14306D-01       0.53290D+00       0.39863D-01
       0.65500D+03       0.17121D-01       0.77585D-01       0.53290D+00       0.39881D-01
       0.65600D+03       0.17197D-01       0.21848D-02       0.53291D+00       0.39876D-01
