   3.2343085632068058E-005  -1122.8124311492500     
  -9.9676569143679321E-003  0.37303022158630483     
   109320.81415744621       -3694.6974027107053     
 
   10967553.088551376       -2.0857960685952266E-002
  -246802.92330561450        3309.7868920290680     
 
   9.1178053458039106E-008   5.7459537924616673E-013
   6.7989302238622849E-006   3.0213429880337957E-004
 
   1144.8554137414203        1060.2320264257942     
 
 
   2.1175694253902644E-005  -1121.6065511837330     
  -9.9788243057460976E-003  0.18983202581807745     
   109428.97601739937       -3163.3578301290045     
 
   10966119.256783616        7.1742547633730199E-003
  -254096.93403230410        3306.9718667678940     
 
   9.1189957569836916E-008  -1.9783052708779031E-013
   7.0067389643922157E-006   3.0239142938619272E-004
 
   1144.9449775141552        1060.1907243923401     
 
 
   3.4141093129875025E-005  -1120.6711149495738     
  -9.9658589068701252E-003  0.38649985109304907     
   109323.68123295184       -3886.4311338150465     
 
   10969819.017734399       -3.2777011874544473E-002
  -261779.12967689609        3305.5051873339121     
 
   9.1159228334753174E-008   9.0392449573266511E-013
   7.2193453354512918E-006   3.0252568970709373E-004
 
   1144.9261229235169        1060.1701136066854     
 
 
  -5.8692470562594370E-006  -1120.1100114531880     
  -8.3605655496505962E-006  -6.1439473427981284E-002
   40.948989448945326        89.350748238936831     
 
   4897873.8297422826       -9.3726930150079873E-005
  -13575075.078500466        3301.5591110475589     
 
   2.0417024068899969E-007   5.7961251772684719E-015
   8.3949014781360860E-004   3.0288722541319039E-004
 
   1144.9078821426219        1060.1495628691700     
 
 
   3.6563959029618779E-006   907.89747673782381     
  -9.3604240926344606E-006  0.13769927042415020     
   51.529218791331687       -228.71046575374203     
 
   5505409.5204827264        2.7226898170231318E-002
   24407528.959441893        3320.0995652267570     
 
   1.8164613441238238E-007  -1.4896121961102411E-012
  -1.3353615453210346E-003   3.0120673736015328E-004
 
   1123.4197523218111        1039.0972800497170     
 
 
  -3.7189467396272699E-005   887.53788537706305     
  -1.0037189467396273E-002   0.0000000000000000     
   111058.82892971585       -4155.6504414128940     
 
   11064733.737513615       0.64833827906424013     
  -414025.30607913621        3316.9926851165214     
 
   9.0376570279618961E-008  -1.7664974151354861E-011
   1.1280756614356946E-005   3.0147569837602514E-004
 
   1123.7153796034574        1039.1084977902012     
 
 
  -3.4539332761995140E-005  -275.60205571157803     
  -1.0034539332761995E-002   0.0000000000000000     
   110496.93194338703       -3215.5522833934374     
 
   11011659.656624503      -0.17333636469045510     
  -320448.42087518325        3319.7431152403883     
 
   9.0812970128915018E-008   4.7416892098138062E-012
   8.7660014231820344E-006   3.0122858448775118E-004
 
   1122.0989155734890        1037.1857721149113     
 
 
  -1.1459041732886366E-005  -406.68260909936674     
  -1.0011459041732887E-002   0.0000000000000000     
   110349.03988497413        3244.7081540718864     
 
   11022273.519272549      -0.28430593298714479     
   324099.42851949460        3295.0387586317183     
 
   9.0725154042655139E-008   7.8280413236202625E-012
  -8.9237100779287333E-006   3.0348579673506924E-004
 
   1123.7519378694092        1039.3171078464745     
 
 
  -2.5841615870336038E-006  -654.42366654412785     
  -1.0002584161587034E-002   0.0000000000000000     
   110561.14221320809       -5567.7012696598540     
 
   11053257.880878074      -0.34350734173685921     
  -556626.28573940787        3314.9499115629146     
 
   9.0471536007342984E-008   9.3749943938310113E-012
   1.5191431664547689E-005   3.0166525740861987E-004
 
   2210.7161247718695        2041.2409507124603     
 
 
   1.0522861121971261E-005   139.17288194895872     
  -9.9894771388780289E-003  -2.4795195347608967     
   109964.92291854240        8399.4944380864908     
 
   11008052.087501774        9.6085899523878401E-002
   20594.202108990918        3304.5793800190545     
 
   9.0842598349689160E-008  -2.6413929803877016E-012
  -5.6613281612517823E-007   3.0261038982565307E-004
 
   2001.8420060512349        1847.7935342292960     
 
 
  -4.1928258723081258E-005   154.73338535065858     
  -1.0041928258723081E-002   0.0000000000000000     
   110507.68272328070        338.65567057450244     
 
   11004627.784239192        9.8445899613669549E-002
   33724.167495451751        3304.0962466795963     
 
   9.0870869139311146E-008  -2.7075072253375015E-012
  -9.2749852986004133E-007   3.0265464945622054E-004
 
   2001.8258619843718        1847.7955268172736     
 
 
   2.3497803915882576E-005  -429.47916913599954     
  -9.9765021960841176E-003 -0.25471652596314698     
   110203.84843796701       -2694.1248421276687     
 
   11046348.232255425      -0.27073170414935660     
  -354216.76271909534        3296.6823250044113     
 
   9.0527893232627829E-008   7.4343744382126784E-012
   9.7268993840947104E-006   3.0333606177195379E-004
 
   2003.4595881159944        1849.7709070384594     
 
 
  -1.5957539341157276E-005  -451.08760121050472     
  -1.0015957539341157E-002   0.0000000000000000     
   110661.85131662062       -3563.6079811801173     
 
   11048554.357579663      -0.28654485111424405     
  -355793.03997473669        3296.1613495864281     
 
   9.0509832066298030E-008   7.8682817990893253E-012
   9.7697791106347342E-006   3.0338405600362125E-004
 
   2003.4639877960090        1849.7650807595107     
 
 
  -2.3273670762971946E-005  -370.28706771690526     
  -1.0023273670762972E-002   0.0000000000000000     
   110177.02028801935        1591.5192758892954     
 
   10992119.332169514      -0.13549331164583450     
   158782.38269914343        3323.2227959297584     
 
   9.0974213509727205E-008   3.7091697486865389E-012
  -4.3467150029625676E-006   3.0091253956068673E-004
 
   418.48798802240231        387.03162591066956     
 
 
   1.3517844066066390E-005  -838.59333035165980     
  -9.9864821559339338E-003  0.25691941569675691     
   110461.43687789838       -5305.3414278894998     
 
   11061078.158985872      -0.68977969188444099     
  -445712.66644859884        3324.9329771749940     
 
   9.0407855842549458E-008   1.8755717295688691E-011
   1.2119319929787097E-005   3.0076045638382072E-004
 
   419.66487673802112        388.72566042372688     
 
 
  -4.6660020105246044E-005  -853.51733007910821     
  -1.0046660020105246E-002   0.0000000000000000     
   111131.33127492262       -3803.5093094356416     
 
   11061520.052686967      -0.69423393662228294     
  -378584.45511483162        3327.0850026984713     
 
   9.0404134042662922E-008   1.8863845622357972E-011
   1.0286962851538408E-005   3.0056555235217879E-004
 
   419.66818789898940        388.71508854000712     
 
 
  -5.3970388774372477E-005   1195.8950445954570     
  -1.0053970388774373E-002   0.0000000000000000     
   111617.46040417827        2406.2934914143716     
 
   11101829.037491823        1.4185066934752386     
   239337.63462254454        3364.5819130743812     
 
   9.0076066359775345E-008  -3.7976041705731057E-011
  -6.4075101203147273E-006   2.9721644915526441E-004
 
   702.59837249051043        648.20238222552518     
 
 
  -3.6967770280260312E-005  -1006.3348002985178     
  -1.0036967770280261E-002   0.0000000000000000     
   110355.80052036968        25.416762856365040     
 
   10994934.231744397      -0.52219929547861699     
   2532.3148821623386        3325.9370955306695     
 
   9.0950972762642257E-008   1.4280045754193283E-011
  -6.9248604305678355E-008   3.0066713083125009E-004
 
   9.6312396656200701        17.456514236488793     
 
 
  -4.3579792597845182E-005   1012.7792720543067     
  -1.0043579792597845E-002   0.0000000000000000     
   110929.11409448154        1955.3164856647318     
 
   11044778.493843073       0.91166042737576103     
   194683.22311790264        3349.4915480446493     
 
   9.0540955456846782E-008  -2.4643324206918818E-011
  -5.2625315752187766E-006   2.9855420839188657E-004
 
   872.77929900134632        805.47024689369709     
 
 
  -5.1775059713696225E-005  -1309.7516813710040     
  -1.0051775059713696E-002   0.0000000000000000     
   111234.18350395384        1648.5700927302296     
 
   11066123.430255324       -1.4292612277996231     
   164007.85761087472        3364.3271240259455     
 
   9.0365312666515267E-008   3.8389738265904846E-011
  -4.4052260040149760E-006   2.9723438503941415E-004
 
   2442.1602764521049        2254.5958662775752     
 
 
  -2.8350469773811768E-005   1158.5648616155017     
  -1.0028350469773812E-002   0.0000000000000000     
   110932.81031003896       -3146.3316634812345     
 
   11061919.968233922        1.2227743852491166     
  -313743.68825307459        3261.9343015417089     
 
   9.0399258986594460E-008  -3.3887223995303791E-011
   8.6949013401018021E-006   3.0656330742919244E-004
 
   255.32343302305281        237.57904499282736     
 
 
   3.1204819473069217E-005  -364.56614118428462     
  -9.9687951805269310E-003 -0.17733967722909938     
   110247.88357836119       -2101.5665090743132     
 
   11059305.219988212      -0.36652053643980698     
  -269916.85872530396        3322.3212116724612     
 
   9.0421836872663993E-008   9.9753931197272936E-012
   7.3461825675053026E-006   3.0099518644176272E-004
 
   255.33093031696305        236.10336779924978     
 
 
  -4.0266091087801104E-005  -348.33421650923782     
  -1.0040266091087801E-002   0.0000000000000000     
   111019.91532544716       -2936.2927079852961     
 
   11057467.433457119      -0.34320111138019088     
  -292451.68219113606        3321.8402159764687     
 
   9.0436868892193080E-008   9.3436263924637689E-012
   7.9619767117084127E-006   3.0103878198286588E-004
 
   255.31035737039454        236.09795320865564     
 
 
  -5.6837627230040142E-006   112.20624609255522     
  -2.4438398289682460E-005  -8.3158692958591018E-002
   179.18833216451969        255.97139712105854     
 
   7332223.8808394391        6.3086061793882243E-003
  -806686.29762452911        3315.1737761742188     
 
   1.3638424124665630E-007  -2.5953223727920042E-013
   3.3186585697646406E-005   3.0164324954118132E-004
 
   256.57979230335161        238.28314997008050     
 
 
   8.8259830041007372E-006  -1195.6835927306324     
  -9.5346688342543804E-005  0.46355968754187415     
   906.19005469686226       -1267.3776315073642     
 
   9504541.1011621468        7.8659804817000870E-002
   3053562.7869435670        3362.0799495155475     
 
   1.0521365587218781E-007  -2.4615969159751592E-012
  -9.5558853172391956E-005   2.9743716141694763E-004
 
   158.71117063742082        237.68139780564712     
 
 
   8.8704817336181588E-005  -1195.5046230663597     
  -9.9112951826638186E-003 -0.26835687897823846     
   108234.57883706976        282.57984637497657     
 
   10920306.605651639       0.73254415362696745     
  -62469.563079635234        3360.2049979962044     
 
   9.1572406253035077E-008  -1.9963314998405398E-011
   1.7024223855953032E-006   2.9760051946139151E-004
 
   158.62935953669808        237.66349791812834     
 
 
   3.2297662077726552E-005  -356.20190743857893     
  -9.9677023379222737E-003  -2.2413023595947834     
   110118.56542580073        5377.9996945357052     
 
   11047589.451194264      -0.23101536103407661     
  -203812.39995399813        3305.9087268325252     
 
   9.0517600567798552E-008   6.3253277398083642E-012
   5.5804956924737864E-006   3.0248907995059912E-004
 
   1519.3812961109061        1403.5608131230247     
 
 
  -2.4453291388282228E-005  -377.08484958230713     
  -1.0024453291388282E-002   0.0000000000000000     
   110752.11535645266       -2332.2350233623729     
 
   11048195.062327899      -0.24767597318208701     
  -232654.58529952215        3306.0494004083234     
 
   9.0512664915263195E-008   6.7808461559658410E-012
   6.3695922140831624E-006   3.0247629617132833E-004
 
   1519.3862696598535        1403.5563152179691     
 
 
  -2.9658874990732761E-005  -1138.1683325041299     
  -1.0029658874990733E-002   0.0000000000000000     
   110582.41029120224        2005.7323659618564     
 
   11025540.516332308      -0.81012937295146026     
   199980.11806395531        3342.3743582248626     
 
   9.0698102487508194E-008   2.1983532968196917E-011
  -5.4266264935270791E-006   2.9918719346015449E-004
 
   2730.9926621077370        2521.4261810091380     
 
 
   2.4945400026003817E-006   190.03020293728591     
  -9.9975054599973998E-003 -0.10370870432836909     
   110346.33132176101       -561.12197806344193     
 
   11037384.594487110       0.17910053991483141     
  -90387.624239062541        3302.7969156592640     
 
   9.0601133571366311E-008  -4.9130214039480192E-012
   2.4794807025690649E-006   3.0277355267665915E-004
 
   1116.2050098709728        1031.0726596101733     
 
 
  -5.5309227274679892E-005   213.13342984924526     
  -1.0055309227274680E-002   0.0000000000000000     
   110960.18691376837       -1065.7112478140916     
 
   11034985.041811809       0.19278806964595432     
  -105984.93032152404        3302.0253470297757     
 
   9.0620824174897135E-008  -5.2908781509260504E-012
   2.9086517293075601E-006   3.0284426500425360E-004
 
   1116.1938595367158        1031.0751807225004     
 
 
   6.6377271784896080E-006  -202.28619939747901     
  -9.9933622728215106E-003  -2.5345378231936024     
   109973.32998876554        7088.5486049729079     
 
   11004656.648049900       -7.5194463072127932E-002
  -131811.60126177775        3316.4980262756617     
 
   9.0870647177183619E-008   2.0602965746909677E-012
   3.6115822826432895E-006   3.0152295091035044E-004
 
   1116.0653225148164        1031.0940818280972     
 
 
  -3.9395947472015136E-005  -179.91635473983200     
  -1.0039395947472015E-002   0.0000000000000000     
   110458.37019256967       -1108.4703217908536     
 
   11002491.660903543       -6.0570826421016952E-002
  -110412.05343335518        3315.8597287425450     
 
   9.0888519994634609E-008   1.6602610540301250E-012
   3.0264211839659922E-006   3.0158096696450328E-004
 
   1116.0459638087477        1031.0914545951241     
 
 
  -5.6784186315989374E-005  -835.13386643928357     
  -1.0056784186315990E-002   0.0000000000000000     
   111394.84252050407       -455.88734503680462     
 
   11076586.755443772      -0.81289473997712791     
  -45331.324267362841        3287.2250608089303     
 
   9.0280610274526992E-008   2.2325405731735427E-011
   1.2449830917274913E-006   3.0420825880237215E-004
 
   1116.8657531908241        1031.3548248933378     
 
 
   3.1287623399671796E-005   120.47557285854685     
  -9.9687123766003284E-003  -1.9370397040830909     
   110147.41613212535        4671.2252143587320     
 
   11049279.870851161       0.16681694744790593     
  -175261.95710435303        3313.4897760550975     
 
   9.0503563411176518E-008  -4.5563829079880073E-012
   4.7870471075498971E-006   3.0179637452510012E-004
 
   1117.3420641442767        1032.8518724119403     
 
 
  -1.3120440163489136E-005   100.58533591076848     
  -1.0013120440163489E-002   0.0000000000000000     
   110637.17064993326       -1669.3788166115701     
 
   11049220.002004374       0.14942482635612736     
  -166719.13881266667        3313.2161881963257     
 
   9.0504064478859775E-008  -4.0816998804534501E-012
   4.5541126301135503E-006   3.0182133090654080E-004
 
   1117.3542836050883        1032.8533934221357     
 
 
  -4.0107113367535141E-005  -956.45211865294311     
  -1.0040107113367535E-002   0.0000000000000000     
   110676.90782466583        465.14006862035603     
 
   11023478.791108623      -0.81149420278517781     
   46328.197833754180        3341.3144508246323     
 
   9.0715372003563654E-008   2.2031748154150724E-011
  -1.2577923337046252E-006   2.9928310969415476E-004
 
   1115.6645639969399        1032.3408689763271     
 
 
  -8.1170412507790279E-006  -183.66204635032324     
  -1.0008117041250779E-002   0.0000000000000000     
   110580.40502568420       -290.89586829513428     
 
   11049071.925308365       -4.2867043607219199E-002
  -29065.993842412525        3307.4785934784622     
 
   9.0505342064438917E-008   1.1730072728550396E-012
   7.9535744247517546E-007   3.0234512660682895E-004
 
   3228.8565700849886        2980.6633026152813     
 
 
  -5.7304786441945629E-005  -882.04041960746042     
  -1.0057304786441946E-002   0.0000000000000000     
   111314.39352829772        1042.0003527389781     
 
   11068014.333060529      -0.97565050906196427     
   103606.32146134831        3341.6697437251514     
 
   9.0350196238203924E-008   2.6379092404082372E-011
  -2.8012497324514723E-006   2.9925077690188439E-004
 
   3227.7690356297835        2980.4325110931595     
 
 
  -6.3902457418765421E-005   934.35722531261820     
  -1.0063902457418766E-002   0.0000000000000000     
   112029.67446824159       -407.17577972927393     
 
   11131832.302851578        1.2566711620011701     
  -40459.034798092434        3345.7817407606467     
 
   8.9832348140851479E-008  -3.3740910217829258E-011
   1.0863022100774487E-006   2.9888340374766784E-004
 
   2254.5092741894041        2080.6889028874261     
 
 
  -9.9877647082181192E-006   872.07857753215183     
  -1.0009987764708218E-002   0.0000000000000000     
   110626.81411456650       -782.40473451120488     
 
   11051643.290174507       0.70479158529633157     
  -78162.406678428946        3346.5316403210054     
 
   9.0484146498272496E-008  -1.9056286301415579E-011
   2.1133697262369571E-006   2.9881639201202314E-004
 
   2851.7256082029226        2632.0524051673160     
 
 
   5.1761179105175997E-005   1312.2639796137248     
  -9.9482388208948242E-003  0.72357287950603677     
   109127.76751163312       -5654.8663131915064     
 
   10969554.429160209       -2.8043536935876870E-002
  -329050.50545228715        3291.1588704679957     
 
   9.1161428848907175E-008   7.7677468565597148E-013
   9.1143318876673216E-006   3.0384441923215485E-004
 
   2872.9561413980250        2650.0855569355735     
 
 
   5.1533094189232242E-005   1314.9329782541856     
  -9.9484669058107680E-003  0.90046941185914875     
   109022.95418334566       -5710.4136647112555     
 
   10958754.461749012      -0.16446058863089030     
  -276807.07095499692        3283.4071219775647     
 
   9.1251361518710775E-008   4.5706341221854390E-012
   7.6929302898741894E-006   3.0456206861778157E-004
 
   2872.9364260793081        2650.1330532600141     
 
 
   5.8170171867471393E-005   1318.1356638653499     
  -9.9418298281325288E-003  0.29563793833949603     
   108845.47840436142       -3562.9851412861535     
 
   10948223.090376059      -0.36368610882712771     
  -260948.93713975261        3276.5592259613641     
 
   9.1339264584782666E-008   1.0138324818537183E-011
   7.2743638581818607E-006   3.0519901415536853E-004
 
   2872.8971526041860        2650.1800050651354     
 
 
   5.9644708303349322E-005   1326.0561057677821     
  -9.9403552916966509E-003   7.1373361043924888E-002
   108736.88968251954       -4556.5312248915416     
 
   10938930.142613845      -0.52616112583233643     
  -434949.09396773158        3264.2808695417066     
 
   9.1417204065739408E-008   1.4735306468412745E-011
   1.2180885061841814E-005   3.0634815111623499E-004
 
   2872.7753250937162        2650.2491026983721     
 
 
  -8.5213351767820383E-005   1343.6234982103708     
  -1.0085213351767821E-002   0.0000000000000000     
   111260.50374675296        3257.5839921794377     
 
   11032042.641641319        1.0575374167236442     
   323005.95719257137        3368.2768673405180     
 
   9.0645878125844450E-008  -2.8460073671301510E-011
  -8.6926223059321787E-006   2.9689043750222131E-004
 
   2907.7760684597783        2684.0366084772095     
 
 
   1.0419049812784159E-004  -1119.9527980507205     
  -9.8958095018721586E-003 -0.38671356948225366     
   107912.17050675693        1304.0550772770698     
 
   10904792.432966605        1.0910728137899313     
   4214.6206260297731        3264.2971285687067     
 
   9.1702811890285785E-008  -3.0651145119701055E-011
  -1.1839993335018245E-007   3.0634470141552880E-004
 
   920.30165520737830        852.54206703912723     
 
 
   8.1918512914835873E-005  -1116.0219769402026     
  -9.9180814870851643E-003 -0.61571123731300759     
   108372.15058865676        843.26073306388025     
 
   10926689.514763337       0.57429056594921135     
  -123417.26587682142        3357.6181619904305     
 
   9.1518850859542564E-008  -1.5653481164156854E-011
   3.3639937015880130E-006   2.9782959819866595E-004
 
   912.76149017720536        853.44106792959724     
 
 
   7.4529478049891601E-005  -1110.2556413414857     
  -9.9254705219501086E-003  0.64049409134713642     
   108142.99765695944       -4145.8507083500672     
 
   10895544.981316943       0.64462059663314797     
  -206832.78307823796        3267.6929345776703     
 
   9.1780287896382318E-008  -1.8105576358439129E-011
   5.8093501309308714E-006   3.0602516062375857E-004
 
   912.70156918477153        852.54317598627244     
 
 
   4.3356065245342347E-007  -426.75874485734215     
   3.6265148703257480E-007   4.3293480042052579E-003
   3.1526223971222862        11.414510872309620     
 
  -8693250.8551245667       -4.7290357747170261E-004
  -71528939.158429146        3355.1392184817973     
 
  -1.1503163280618033E-007  -1.6213595661484795E-014
  -2.4523842763255741E-003   2.9804987964439893E-004
 
   1913.4161505728696        1765.9165801564141     
 
 
  -2.0355976036010373E-005  -376.27111057022699     
  -1.0020355976036011E-002   0.0000000000000000     
   110377.78005726673       -5708.4829956048852     
 
   11015355.175129367      -0.22208534700283791     
  -569688.64272455988        3327.7436129447228     
 
   9.0782678871714848E-008   6.0586106034866864E-012
   1.5541419990454624E-005   3.0050495706210599E-004
 
   1913.9847834282350        1765.8891094866030     
 
 
   4.4656135400559377E-005  -174.57154703655974     
  -9.9553438645994408E-003  0.15743007325039571     
   109462.06934334613       -3166.5521984982042     
 
   10995306.842538444       -5.6082631270968131E-002
  -265649.76909310720        3315.2331625659422     
 
   9.0947931061136538E-008   1.5385341037706560E-012
   7.2876614407377111E-006   3.0163803258327800E-004
 
   2416.6769833882090        2231.2076521442241     
 
 
   1.0212206251834083E-006  -153.21814032525072     
  -9.9989787793748168E-003  0.20267072123255048     
   109916.58333936543       -3200.3135491422290     
 
   10992780.114774542       -4.0683732106784158E-002
  -252879.84117753070        3314.6049877902919     
 
   9.0968824256857668E-008   1.1165587723930853E-012
   6.9402483598858023E-006   3.0169516006848927E-004
 
   2416.6565169055002        2231.2054304876146     
 
 
  -4.0745120876166732E-005  -131.79140549390172     
  -1.0040745120876167E-002  -2.8421709430404007E-014
   110350.57720948968       -2415.3221994306805     
 
   10990277.701607505       -2.6204672564044698E-002
  -240552.08755463033        3313.9535339565118     
 
   9.0989527309955482E-008   7.1948829260376569E-013
   6.6047156412260264E-006   3.0175443404015256E-004
 
   2416.6362314796788        2231.2034762197427     
 
 
  -2.7690348896223030E-005  -452.55888512623244     
  -1.0027690348896223E-002   0.0000000000000000     
   110775.73752044915       -4261.6217156220373     
 
   11046984.267183974      -0.34229779986197501     
  -424985.37223889271        3309.5934320983215     
 
   9.0522802848198973E-008   9.3624056513287475E-012
   1.1624046232216127E-005   3.0215311922813322E-004
 
   2417.7590862183556        2232.9068594554819     
 
 
